512
2208,2318,2196,2318,2026,685
2220,2324,2208,2324,2208,2318
2208,2348,2208,2336,2220,2336
2220,2348,2208,2348,2220,2336
2227,2348,2220,2348,2220,2336
2239,2354,2227,2354,2227,2348
2263,2360,2239,2360,2239,2354
2330,2372,2263,2366,2263,2360
2330,2366,2330,2372,2263,2360
2336,2366,2330,2366,2263,2360
2354,2372,2336,2372,2336,2366
2372,2372,2354,2372,2336,2366
2378,2372,2372,2372,2336,2366
2396,2372,2378,2372,2336,2366
2427,2372,2396,2372,2336,2366
2427,2366,2427,2372,2336,2366
2487,2360,2487,2366,2463,2366
2487,2354,2487,2360,2463,2366
2506,2348,2506,2354,2487,2354
2542,2342,2542,2348,2536,2348
2615,2330,2615,2336,2609,2336
2682,2318,2633,2330,2615,2330
2682,2311,2682,2318,2615,2330
2712,2311,2688,2311,2682,2311
2712,2305,2712,2311,2682,2311
2767,2305,2736,2305,2712,2305
2469,564,2767,2305,2712,2305
2032,673,2469,564,2712,2305
2032,685,2032,673,2712,2305
2026,685,2032,685,2712,2305
2208,2318,2026,685,2712,2305
2220,2324,2208,2318,2712,2305
2220,2336,2220,2324,2712,2305
2227,2348,2220,2336,2712,2305
2239,2354,2227,2348,2712,2305
2263,2360,2239,2354,2712,2305
2336,2366,2263,2360,2712,2305
2463,2366,2427,2366,2336,2366
2487,2354,2463,2366,2336,2366
2506,2348,2487,2354,2336,2366
2542,2342,2536,2348,2506,2348
2615,2330,2609,2336,2603,2336
2336,2366,2712,2305,2682,2311
2506,2348,2336,2366,2682,2311
2542,2342,2506,2348,2682,2311
2615,2330,2603,2336,2542,2342
2682,2311,2615,2330,2542,2342
2542,2342,2682,2311,2542,2342
249
1972,2566,503,2475,509,2457
2214,2536,1972,2566,509,2457
2172,2469,2196,2469,2214,2536
1984,2512,2172,2469,2214,2536
515,2457,1984,2512,2214,2536
509,2457,515,2457,2214,2536
2214,2536,509,2457,2214,2536
249
12,3270,0,3270,0,3234
0,3288,0,3276,12,3276
163,3343,0,3288,12,3276
0,4096,0,3410,48,3404
2463,4096,0,4096,48,3404
2330,3355,2463,4096,48,3404
2324,3355,2330,3355,48,3404
2324,3349,2324,3355,48,3404
200,2815,206,2815,2324,3349
0,3234,200,2815,2324,3349
12,3270,0,3234,2324,3349
12,3276,12,3270,2324,3349
163,3343,12,3276,2324,3349
48,3404,163,3343,2324,3349
2324,3349,48,3404,2324,3349
2324,3349,2324,3349,2324,3349
761
3076,3798,3100,4096,2463,4096
3070,3798,3076,3798,2463,4096
2694,3725,3070,3798,2463,4096
2330,3355,2694,3725,2463,4096
2463,4096,2330,3355,2463,4096
520
2336,2475,2330,2475,2330,2469
2821,2524,2336,2481,2336,2475
2754,2457,2791,2445,2821,2524
2518,2475,2754,2457,2821,2524
2330,2469,2518,2475,2821,2524
2336,2475,2330,2469,2821,2524
48
3568,321,3434,321,3161,0
3568,315,3568,321,3161,0
3282,0,3568,315,3161,0
3161,0,3282,0,3161,0
3161,0,3161,0,3161,0
4
3167,2263,3028,2287,2767,2324
3264,2257,3264,2263,3167,2263
3216,2257,3264,2257,3167,2263
3210,2257,3216,2257,3167,2263
3167,2251,3210,2257,3167,2263
3149,2208,3173,2208,3167,2251
3131,2202,3149,2202,3149,2208
3131,2208,3131,2202,3149,2208
3094,2208,3131,2208,3149,2208
3058,2196,3094,2202,3094,2208
3064,2172,3064,2178,3058,2178
3076,2166,3076,2172,3064,2172
3100,2160,3100,2166,3076,2166
3009,2160,3100,2160,3076,2166
3009,2166,3009,2160,3076,2166
2991,2172,2991,2166,2997,2166
2979,2178,2979,2172,2991,2172
2973,2184,2973,2178,2979,2178
2979,2184,2973,2184,2979,2178
2979,2196,2979,2184,2979,2178
2991,2196,2979,2196,2979,2178
3028,2227,2991,2202,2991,2196
3034,2227,3028,2227,2991,2196
2985,2281,2991,2281,3009,2281
2985,2287,2985,2281,3009,2281
2943,2293,2943,2287,2985,2287
2906,2293,2912,2293,2943,2293
2906,2299,2906,2293,2943,2293
2852,2299,2882,2299,2906,2299
2852,2305,2852,2299,2906,2299
2779,2305,2803,2305,2852,2305
2779,2311,2779,2305,2852,2305
2767,2324,2767,2311,2779,2311
3149,2208,3167,2251,3167,2263
3094,2208,3149,2208,3167,2263
3058,2196,3094,2208,3167,2263
3009,2166,3076,2166,3064,2172
2997,2166,3009,2166,3064,2172
2991,2172,2997,2166,3064,2172
2979,2178,2991,2172,3064,2172
2991,2196,2979,2178,3064,2172
2906,2299,2943,2293,2985,2287
2767,2324,2779,2311,2852,2305
2991,2196,3064,2172,3058,2178
3034,2227,2991,2196,3058,2178
3009,2281,3034,2227,3058,2178
2767,2324,2852,2305,2906,2299
3167,2263,2767,2324,2906,2299
3009,2281,3058,2178,3058,2184
3167,2263,2906,2299,2985,2287
3058,2184,3058,2190,3058,2196
3009,2281,3058,2184,3058,2196
3167,2263,2985,2287,3009,2281
3058,2196,3167,2263,3009,2281
3009,2281,3058,2196,3009,2281
3009,2281,3009,2281,3009,2281
243
1104,2354,1104,2348,1104,2342
1116,2354,1104,2354,1104,2342
1407,2318,1407,2324,1116,2354
1723,2366,1680,2336,1680,2330
1735,2354,1765,2366,1723,2366
1723,2354,1735,2354,1723,2366
1723,2348,1723,2354,1723,2366
1711,2348,1723,2348,1723,2366
1747,2305,1717,2330,1711,2330
1729,2299,1735,2299,1735,2305
1717,2299,1729,2299,1735,2305
1699,2299,1717,2299,1735,2305
1729,2305,1699,2305,1699,2299
1583,2324,1686,2305,1686,2311
1462,2293,1504,2293,1504,2311
1462,2299,1462,2293,1504,2311
1456,2299,1462,2299,1504,2311
1456,2305,1456,2299,1504,2311
1444,2305,1456,2305,1504,2311
1383,2305,1444,2305,1504,2311
1383,2311,1383,2305,1504,2311
1207,2305,1225,2305,1225,2311
1189,2305,1207,2305,1225,2311
1183,2299,1189,2299,1189,2305
1183,2305,1183,2299,1189,2305
1165,2311,1165,2305,1171,2305
1134,2318,1134,2311,1146,2311
1116,2324,1116,2318,1122,2318
1110,2342,1110,2324,1116,2324
1116,2354,1104,2342,1110,2342
1407,2318,1116,2354,1110,2342
1711,2348,1723,2366,1680,2330
1711,2330,1711,2348,1680,2330
1747,2305,1711,2330,1680,2330
1729,2305,1699,2299,1735,2305
1729,2311,1729,2305,1735,2305
1583,2324,1686,2311,1729,2311
1504,2311,1504,2318,1504,2324
1383,2311,1504,2311,1504,2324
1353,2311,1383,2311,1504,2324
1183,2305,1189,2305,1225,2311
1171,2305,1183,2305,1225,2311
1165,2311,1171,2305,1225,2311
1134,2318,1146,2311,1165,2311
1116,2324,1122,2318,1134,2318
1110,2342,1116,2324,1134,2318
1407,2318,1110,2342,1134,2318
1729,2311,1735,2305,1747,2305
1134,2318,1165,2311,1225,2311
1407,2318,1134,2318,1225,2311
1729,2311,1747,2305,1680,2330
1583,2324,1729,2311,1680,2330
1571,2324,1583,2324,1680,2330
1535,2324,1571,2324,1680,2330
1504,2324,1535,2324,1680,2330
1225,2311,1256,2311,1353,2311
1407,2318,1225,2311,1353,2311
1504,2324,1680,2330,1498,2330
1407,2318,1353,2311,1504,2324
1498,2330,1407,2318,1504,2324
1504,2324,1498,2330,1504,2324
1504,2324,1504,2324,1504,2324
240
709,2293,703,2293,1353,1541
716,2293,709,2293,1353,1541
716,2305,716,2293,1353,1541
709,2318,709,2305,716,2305
734,2318,709,2318,716,2305
758,2324,734,2324,734,2318
758,2318,758,2324,734,2318
776,2324,764,2324,764,2318
776,2318,776,2324,764,2318
800,2311,800,2318,776,2318
837,2299,837,2311,819,2311
825,2299,837,2299,819,2311
819,2299,825,2299,819,2311
819,2287,819,2299,819,2311
867,2293,855,2293,855,2287
873,2299,867,2299,867,2293
910,2318,873,2305,873,2299
916,2318,910,2318,873,2299
958,2330,916,2324,916,2318
964,2330,958,2330,916,2318
989,2336,964,2336,964,2330
1013,2342,989,2342,989,2336
1067,2348,1013,2348,1013,2342
1092,2348,1067,2348,1013,2342
1092,2342,1092,2348,1013,2342
1098,2336,1098,2342,1092,2342
1104,2324,1104,2336,1098,2336
1110,2318,1110,2324,1104,2324
1122,2311,1122,2318,1116,2318
1146,2305,1146,2311,1134,2311
1171,2299,1171,2305,1165,2305
1183,2287,1189,2299,1183,2299
1171,2287,1183,2287,1183,2299
1207,2293,1195,2293,1195,2287
1225,2305,1207,2305,1207,2293
1256,2305,1225,2305,1207,2293
1353,2311,1256,2311,1256,2305
1353,2305,1353,2311,1256,2305
1444,2299,1444,2305,1383,2305
1450,2293,1450,2299,1444,2299
1504,2318,1504,2311,1510,2311
1535,2318,1504,2318,1510,2311
1571,2324,1535,2324,1535,2318
1571,2318,1571,2324,1535,2318
1686,2305,1583,2324,1583,2318
1699,2299,1699,2305,1686,2305
1717,2293,1717,2299,1699,2299
1747,2299,1735,2299,1735,2293
1717,2336,1717,2330,1747,2305
1723,2336,1717,2336,1747,2305
1723,2348,1723,2336,1747,2305
1735,2348,1723,2348,1747,2305
1735,2354,1735,2348,1747,2305
1765,2366,1735,2354,1747,2305
1771,2366,1765,2366,1747,2305
1796,2360,1771,2366,1747,2305
1802,2360,1796,2360,1747,2305
1832,2366,1802,2360,1747,2305
1832,2360,1832,2366,1747,2305
1893,2360,1832,2360,1747,2305
1893,2354,1893,2360,1747,2305
1905,2354,1893,2354,1747,2305
1917,2360,1905,2360,1905,2354
1929,2348,1917,2360,1905,2354
1929,2330,1929,2348,1905,2354
1935,2324,1935,2330,1929,2330
1953,2318,1953,2324,1941,2324
1960,2311,1960,2318,1953,2318
1966,2305,1966,2311,1960,2311
1972,2299,1972,2305,1966,2305
2008,2305,2002,2305,1978,2299
2032,2318,2008,2311,2008,2305
2044,2318,2032,2318,2008,2305
2051,2324,2044,2324,2044,2318
2123,2354,2032,2330,2051,2330
2142,2342,2123,2354,2051,2330
2142,2336,2142,2342,2051,2330
734,2318,716,2305,1353,1541
758,2318,734,2318,1353,1541
764,2318,758,2318,1353,1541
776,2318,764,2318,1353,1541
800,2311,776,2318,1353,1541
819,2287,819,2311,800,2311
916,2318,873,2299,867,2293
964,2330,916,2318,867,2293
989,2336,964,2330,867,2293
1013,2342,989,2336,867,2293
1092,2342,1013,2342,867,2293
1098,2336,1092,2342,867,2293
1104,2324,1098,2336,867,2293
1110,2318,1104,2324,867,2293
1116,2318,1110,2318,867,2293
1122,2311,1116,2318,867,2293
1134,2311,1122,2311,867,2293
1146,2305,1134,2311,867,2293
1165,2305,1146,2305,867,2293
1171,2299,1165,2305,867,2293
1183,2299,1171,2299,867,2293
1171,2287,1183,2299,867,2293
1171,2281,1171,2287,867,2293
1256,2305,1207,2293,1195,2287
1353,2305,1256,2305,1195,2287
1383,2305,1353,2305,1195,2287
1444,2299,1383,2305,1195,2287
1450,2293,1444,2299,1195,2287
1462,2293,1450,2293,1195,2287
1504,2293,1462,2293,1195,2287
1510,2293,1504,2293,1195,2287
1535,2318,1510,2311,1510,2293
1571,2318,1535,2318,1510,2293
1583,2318,1571,2318,1510,2293
1686,2305,1583,2318,1510,2293
1699,2299,1686,2305,1510,2293
1717,2293,1699,2299,1510,2293
1905,2354,1747,2305,1747,2299
1929,2330,1905,2354,1747,2299
1935,2324,1929,2330,1747,2299
1941,2324,1935,2324,1747,2299
1953,2318,1941,2324,1747,2299
1960,2311,1953,2318,1747,2299
1966,2305,1960,2311,1747,2299
1972,2299,1966,2305,1747,2299
1978,2299,1972,2299,1747,2299
2142,2336,2051,2330,2051,2324
1353,1541,2142,2336,2051,2324
819,2287,800,2311,1353,1541
825,2287,819,2287,1353,1541
849,2287,825,2287,1353,1541
855,2287,849,2287,1353,1541
867,2293,855,2287,1353,1541
1171,2281,867,2293,1353,1541
1195,2287,1171,2281,1353,1541
1510,2293,1195,2287,1353,1541
1717,2293,1510,2293,1353,1541
1729,2293,1717,2293,1353,1541
1735,2293,1729,2293,1353,1541
1747,2299,1735,2293,1353,1541
1978,2299,1747,2299,1353,1541
2008,2305,1978,2299,1353,1541
2044,2318,2008,2305,1353,1541
2051,2324,2044,2318,1353,1541
1353,1541,2051,2324,1353,1541
1353,1541,1353,1541,1353,1541
243
2111,2366,2063,2366,1966,2348
2111,2360,2111,2366,1966,2348
2142,2348,2154,2348,2111,2360
2123,2354,2142,2342,2142,2348
2008,2311,2032,2318,2032,2330
2002,2311,2008,2311,2032,2330
1978,2299,2002,2305,2002,2311
1978,2305,1978,2299,2002,2311
1972,2305,1978,2305,2002,2311
1972,2311,1972,2305,2002,2311
1966,2311,1972,2311,2002,2311
1966,2318,1966,2311,2002,2311
1960,2324,1960,2318,1966,2318
1941,2324,1953,2324,1960,2324
1941,2348,1941,2324,1960,2324
1917,2360,1929,2348,1941,2348
1966,2348,1917,2360,1941,2348
2123,2354,2142,2348,2111,2360
2032,2330,2123,2354,2111,2360
1966,2318,2002,2311,2032,2330
1960,2324,1966,2318,2032,2330
1941,2348,1960,2324,2032,2330
1966,2348,1941,2348,2032,2330
2111,2360,1966,2348,2032,2330
2032,2330,2111,2360,2032,2330
2032,2330,2032,2330,2032,2330
768
6,2415,0,2415,0,242
6,2409,6,2415,0,242
6,2402,6,2409,0,242
12,2402,6,2402,0,242
24,2402,12,2402,0,242
24,2396,24,2402,0,242
30,2396,24,2396,0,242
48,2396,30,2396,0,242
54,2396,48,2396,0,242
54,2390,54,2396,0,242
60,2390,54,2390,0,242
78,2390,60,2390,0,242
78,2384,78,2390,0,242
121,2384,78,2384,0,242
127,2384,121,2384,0,242
127,2378,127,2384,0,242
151,2378,127,2378,0,242
151,2372,151,2378,0,242
175,2372,151,2372,0,242
175,2366,175,2372,0,242
218,2366,175,2366,0,242
218,2360,218,2366,0,242
297,2360,218,2360,0,242
303,2360,297,2360,0,242
303,2354,303,2360,0,242
358,2354,303,2354,0,242
358,2348,358,2354,0,242
376,2348,358,2348,0,242
376,2318,376,2348,0,242
382,2311,382,2318,376,2318
376,2311,382,2311,376,2318
376,2299,376,2311,376,2318
892,703,388,2299,376,2299
885,703,892,703,376,2299
885,691,885,703,376,2299
892,685,892,691,885,691
0,242,892,685,885,691
376,2299,376,2318,0,242
885,691,376,2299,0,242
0,242,885,691,0,242
0,242,0,242,0,242
848
892,685,0,242,0,0
1177,0,892,685,0,0
0,0,1177,0,0,0
0,0,0,0,0,0
80
892,703,892,691,892,685
1553,831,892,703,892,685
1565,831,1553,831,892,685
2026,685,1565,831,892,685
2026,673,2026,685,892,685
1990,0,2032,673,2026,673
1177,0,1990,0,2026,673
892,685,1177,0,2026,673
2026,673,892,685,2026,673
592
2469,564,2032,673,1990,0
2299,0,2469,564,1990,0
1990,0,2299,0,1990,0
1990,0,1990,0,1990,0
515
2615,2348,2542,2348,2542,2342
2706,2324,2651,2342,2615,2342
2706,2318,2706,2324,2615,2342
2742,2311,2742,2318,2706,2318
2767,2305,2767,2311,2742,2311
2736,2305,2767,2305,2742,2311
2736,2311,2736,2305,2742,2311
2688,2318,2688,2311,2712,2311
2633,2330,2682,2318,2688,2318
2633,2336,2633,2330,2688,2318
2609,2342,2609,2336,2615,2336
2542,2342,2603,2336,2603,2342
2615,2348,2542,2342,2603,2342
2736,2311,2742,2311,2706,2318
2712,2311,2736,2311,2706,2318
2688,2318,2712,2311,2706,2318
2633,2336,2688,2318,2706,2318
2609,2342,2615,2336,2633,2336
2615,2348,2603,2342,2609,2342
2615,2342,2615,2348,2609,2342
2633,2336,2706,2318,2615,2342
2609,2342,2633,2336,2615,2342
2615,2342,2609,2342,2615,2342
516
2227,2372,2190,2372,2190,2354
2761,2324,2457,2390,2421,2390
2767,2311,2767,2324,2761,2324
2742,2311,2767,2311,2761,2324
2742,2318,2742,2311,2761,2324
2706,2318,2742,2318,2761,2324
2706,2324,2706,2318,2761,2324
2651,2342,2706,2324,2761,2324
2615,2348,2615,2342,2651,2342
2536,2348,2542,2348,2615,2348
2536,2354,2536,2348,2615,2348
2512,2360,2512,2354,2536,2354
2487,2366,2487,2360,2512,2360
2463,2372,2463,2366,2487,2366
2415,2384,2415,2378,2463,2372
2293,2378,2342,2378,2342,2384
2263,2372,2293,2372,2293,2378
2239,2366,2263,2366,2263,2372
2214,2360,2239,2360,2239,2366
2196,2354,2214,2354,2214,2360
2190,2354,2196,2354,2214,2360
2227,2372,2190,2354,2214,2360
2651,2342,2761,2324,2421,2390
2615,2348,2651,2342,2421,2390
2536,2354,2615,2348,2421,2390
2512,2360,2536,2354,2421,2390
2487,2366,2512,2360,2421,2390
2463,2372,2487,2366,2421,2390
2415,2384,2463,2372,2421,2390
2342,2384,2415,2384,2421,2390
2214,2360,2239,2366,2263,2372
2227,2372,2214,2360,2263,2372
2342,2384,2421,2390,2421,2396
2293,2378,2342,2384,2421,2396
2227,2372,2263,2372,2293,2378
2421,2396,2227,2372,2293,2378
2293,2378,2421,2396,2293,2378
2293,2378,2293,2378,2293,2378
3
2154,2348,2142,2348,2142,2342
2160,2348,2154,2348,2142,2342
2190,2348,2160,2348,2142,2342
2196,2354,2190,2354,2190,2348
2196,2342,2196,2354,2190,2348
2196,2336,2196,2342,2190,2348
2196,2318,2196,2336,2190,2348
2178,2318,2196,2318,2190,2348
2172,2318,2178,2318,2190,2348
2172,2324,2172,2318,2190,2348
2166,2324,2172,2324,2190,2348
2166,2336,2166,2324,2190,2348
2148,2336,2166,2336,2190,2348
2148,2342,2148,2336,2190,2348
2142,2342,2148,2342,2190,2348
2190,2348,2142,2342,2190,2348
2
2166,2336,2148,2336,2148,2330
2172,2318,2172,2324,2166,2324
2178,2311,2178,2318,2172,2318
2166,2311,2178,2311,2172,2318
2166,2318,2166,2311,2172,2318
2160,2318,2166,2318,2172,2318
2160,2324,2160,2318,2172,2318
2154,2330,2154,2324,2160,2324
2166,2336,2148,2330,2154,2330
2166,2324,2166,2336,2154,2330
2172,2318,2166,2324,2154,2330
2160,2324,2172,2318,2154,2330
2154,2330,2160,2324,2154,2330
2154,2330,2154,2330,2154,2330
0
382,2348,376,2348,376,2318
400,2348,382,2348,376,2318
400,2342,400,2348,376,2318
412,2342,400,2342,376,2318
455,2342,412,2342,376,2318
455,2336,455,2342,376,2318
467,2336,455,2336,376,2318
576,2336,467,2336,376,2318
576,2330,576,2336,376,2318
600,2330,576,2330,376,2318
618,2336,600,2336,600,2330
618,2330,618,2336,600,2330
631,2324,631,2330,618,2330
661,2330,643,2330,643,2324
661,2324,661,2330,643,2324
679,2318,679,2324,673,2324
685,2311,685,2318,679,2318
685,2305,685,2311,679,2318
679,2305,685,2305,679,2318
703,2293,697,2293,679,2293
1353,1541,703,2293,679,2293
2148,2336,2142,2336,1353,1541
2148,2330,2148,2336,1353,1541
2154,2330,2148,2330,1353,1541
2154,2324,2154,2330,1353,1541
2160,2324,2154,2324,1353,1541
2160,2318,2160,2324,1353,1541
2166,2318,2160,2318,1353,1541
2166,2311,2166,2318,1353,1541
2178,2311,2166,2311,1353,1541
2196,2318,2178,2318,2178,2311
2026,685,2196,2318,2178,2311
1565,831,2026,685,2178,2311
1553,831,1565,831,2178,2311
892,703,1553,831,2178,2311
394,2299,388,2299,892,703
412,2299,394,2299,892,703
412,2305,412,2299,892,703
418,2305,412,2305,892,703
418,2311,418,2305,892,703
412,2318,412,2311,418,2311
600,2330,376,2318,382,2318
618,2330,600,2330,382,2318
631,2324,618,2330,382,2318
643,2324,631,2324,382,2318
661,2324,643,2324,382,2318
673,2324,661,2324,382,2318
679,2305,679,2318,673,2324
679,2299,679,2305,673,2324
679,2293,679,2299,673,2324
892,703,2178,2311,1353,1541
418,2311,892,703,1353,1541
412,2318,418,2311,1353,1541
382,2318,406,2318,412,2318
673,2324,382,2318,412,2318
679,2293,673,2324,412,2318
1353,1541,679,2293,412,2318
412,2318,1353,1541,412,2318
412,2318,412,2318,412,2318
771
364,2360,303,2360,303,2354
382,2348,382,2354,376,2354
376,2348,382,2348,376,2354
358,2348,376,2348,376,2354
364,2360,303,2354,358,2354
364,2354,364,2360,358,2354
376,2354,364,2354,358,2354
358,2348,376,2354,358,2354
358,2354,358,2348,358,2354
358,2354,358,2354,358,2354
772
182,2384,182,2390,0,2439
364,2366,279,2378,182,2384
376,2354,376,2366,364,2366
364,2360,364,2354,376,2354
297,2360,303,2360,364,2360
297,2366,297,2360,364,2360
218,2372,218,2366,297,2366
182,2378,182,2372,218,2372
151,2384,151,2378,182,2378
121,2390,121,2384,127,2384
84,2396,84,2390,121,2390
66,2402,66,2396,84,2396
42,2415,42,2409,66,2402
24,2421,24,2415,42,2415
6,2427,6,2421,24,2421
0,2439,0,2427,6,2427
182,2384,0,2439,6,2427
364,2360,376,2354,364,2366
297,2366,364,2360,364,2366
218,2372,297,2366,364,2366
182,2378,218,2372,364,2366
151,2384,182,2378,364,2366
121,2390,127,2384,151,2384
66,2402,84,2396,121,2390
42,2415,66,2402,121,2390
24,2421,42,2415,121,2390
6,2427,24,2421,121,2390
182,2384,6,2427,121,2390
364,2366,182,2384,121,2390
151,2384,364,2366,121,2390
121,2390,151,2384,121,2390
121,2390,121,2390,121,2390
773
133,2421,0,2445,0,2439
327,2396,175,2421,133,2421
327,2390,327,2396,133,2421
376,2366,364,2390,327,2390
364,2366,376,2366,327,2390
279,2378,364,2366,327,2390
182,2384,279,2378,327,2390
182,2390,182,2384,327,2390
0,2439,182,2390,327,2390
133,2421,0,2439,327,2390
5
370,2390,364,2390,376,2366
467,2390,370,2390,376,2366
467,2384,467,2390,376,2366
612,2390,467,2384,376,2366
649,2354,612,2390,376,2366
376,2366,649,2354,376,2366
376,2366,376,2366,376,2366
245
1019,2354,612,2390,649,2354
2178,2396,2178,2409,1237,2384
2184,2396,2178,2396,1237,2384
2184,2372,2184,2378,2184,2396
2166,2372,2184,2372,2184,2396
2020,2384,2166,2372,2184,2396
1723,2378,2020,2384,2184,2396
1438,2336,1644,2342,1644,2348
1116,2354,1438,2336,1644,2348
1116,2360,1116,2354,1644,2348
1067,2354,1104,2354,1104,2360
1013,2348,1067,2348,1067,2354
983,2348,1013,2348,1067,2354
964,2342,983,2342,983,2348
892,2342,964,2342,983,2348
764,2342,837,2330,892,2342
764,2348,764,2342,892,2342
649,2354,764,2348,892,2342
1019,2354,649,2354,892,2342
1723,2378,2184,2396,1237,2384
1644,2348,1723,2378,1237,2384
1116,2360,1644,2348,1237,2384
1104,2360,1116,2360,1237,2384
1067,2354,1104,2360,1237,2384
983,2348,1067,2354,1237,2384
1019,2354,892,2342,983,2348
1237,2384,1019,2354,983,2348
983,2348,1237,2384,983,2348
983,2348,983,2348,983,2348
246
807,2421,588,2409,612,2390
1019,2378,807,2421,612,2390
1213,2402,1207,2402,1019,2378
1213,2396,1213,2402,1019,2378
1225,2396,1213,2396,1019,2378
1225,2390,1225,2396,1019,2378
1231,2390,1225,2390,1019,2378
1231,2402,1231,2396,1231,2390
1243,2402,1231,2402,1231,2390
1280,2390,1243,2402,1231,2390
2184,2439,1862,2433,1862,2427
2178,2409,2184,2439,1862,2427
1237,2384,2178,2409,1862,2427
1019,2378,612,2390,1019,2354
1231,2390,1019,2378,1019,2354
1280,2390,1231,2390,1019,2354
1237,2384,1862,2427,1280,2390
1019,2354,1237,2384,1280,2390
1280,2390,1019,2354,1280,2390
247
533,2445,533,2439,552,2421
807,2421,1019,2378,1207,2402
582,2409,588,2409,807,2421
552,2421,582,2409,807,2421
533,2445,552,2421,807,2421
1207,2402,533,2445,807,2421
807,2421,1207,2402,807,2421
807,2421,807,2421,807,2421
248
2172,2469,1984,2512,515,2457
1243,2402,2172,2469,515,2457
1231,2402,1243,2402,515,2457
1213,2402,1231,2402,515,2457
1207,2402,1213,2402,515,2457
533,2445,1207,2402,515,2457
515,2457,533,2445,515,2457
515,2457,515,2457,515,2457
8
418,2469,358,2463,358,2451
473,2457,418,2469,358,2451
509,2457,473,2457,358,2451
515,2457,509,2457,358,2451
533,2439,533,2445,515,2457
491,2445,533,2439,515,2457
442,2451,491,2439,491,2445
515,2457,358,2451,442,2451
491,2445,515,2457,442,2451
442,2451,491,2445,442,2451
442,2451,442,2451,442,2451
9
436,2512,345,2518,345,2469
436,2500,436,2512,345,2469
442,2500,436,2500,345,2469
455,2500,442,2500,345,2469
455,2494,455,2500,345,2469
461,2494,455,2494,345,2469
461,2487,461,2494,345,2469
467,2487,461,2487,345,2469
467,2481,467,2487,345,2469
479,2481,467,2481,345,2469
509,2457,503,2475,485,2469
473,2457,509,2457,485,2469
358,2469,358,2463,418,2469
479,2481,345,2469,351,2469
473,2457,485,2469,479,2469
418,2469,473,2457,479,2469
479,2481,351,2469,358,2469
418,2469,479,2469,479,2481
358,2469,418,2469,479,2481
479,2481,358,2469,479,2481
250
2324,3349,206,2815,236,2706
2214,2536,2220,2536,2324,3349
1972,2566,2214,2536,2324,3349
503,2475,1972,2566,2324,3349
485,2469,503,2475,2324,3349
485,2487,485,2469,2324,3349
467,2494,485,2487,2324,3349
467,2500,467,2494,2324,3349
455,2500,467,2500,2324,3349
442,2500,455,2500,2324,3349
442,2512,442,2500,2324,3349
242,2700,442,2512,2324,3349
242,2706,242,2700,2324,3349
236,2706,242,2706,2324,3349
2324,3349,236,2706,2324,3349
1017
60,2730,200,2815,0,3234
242,2700,242,2706,236,2706
248,2639,242,2700,236,2706
0,2639,333,2524,248,2639
60,2730,0,3234,0,2639
236,2706,60,2730,0,2639
248,2639,236,2706,0,2639
0,2639,248,2639,0,2639
0,2639,0,2639,0,2639
777
333,2524,0,2639,0,2585
333,2518,333,2524,0,2585
345,2469,345,2518,333,2518
169,2500,345,2469,333,2518
54,2506,169,2500,333,2518
0,2585,54,2506,333,2518
333,2518,0,2585,333,2518
776
54,2506,0,2585,0,2518
345,2469,169,2500,54,2506
351,2463,351,2469,345,2469
358,2451,358,2463,351,2463
297,2451,358,2451,351,2463
115,2475,297,2451,351,2463
60,2487,115,2475,351,2463
54,2506,0,2518,60,2487
345,2469,54,2506,60,2487
351,2463,345,2469,60,2487
60,2487,351,2463,60,2487
60,2487,60,2487,60,2487
775
60,2487,0,2518,0,2469
115,2475,60,2487,0,2469
382,2415,358,2451,297,2451
376,2415,382,2415,297,2451
224,2457,376,2415,297,2451
115,2475,0,2469,224,2457
297,2451,115,2475,224,2457
224,2457,297,2451,224,2457
224,2457,224,2457,224,2457
774
224,2457,0,2469,0,2445
376,2415,224,2457,0,2445
364,2390,370,2390,376,2415
327,2390,364,2390,376,2415
327,2396,327,2390,376,2415
175,2421,327,2396,376,2415
0,2445,133,2421,175,2421
376,2415,0,2445,175,2421
6
382,2415,376,2415,370,2390
412,2409,382,2415,370,2390
582,2409,412,2415,412,2409
588,2409,582,2409,412,2409
612,2390,588,2409,412,2409
467,2390,467,2384,612,2390
370,2390,467,2390,612,2390
412,2409,370,2390,612,2390
7
442,2451,358,2451,382,2415
491,2439,442,2451,382,2415
533,2439,491,2445,491,2439
552,2421,533,2439,491,2439
582,2409,552,2421,491,2439
412,2415,582,2409,491,2439
382,2415,412,2409,412,2415
491,2439,382,2415,412,2415
1017
345,2524,333,2524,333,2518
345,2518,345,2524,333,2518
333,2518,345,2518,333,2518
333,2518,333,2518,333,2518
249
442,2512,242,2700,248,2639
436,2512,442,2512,248,2639
345,2524,345,2518,436,2512
248,2639,333,2524,345,2524
436,2512,248,2639,345,2524
1018
206,2815,200,2815,60,2730
236,2706,206,2815,60,2730
60,2730,236,2706,60,2730
60,2730,60,2730,60,2730
248
12,3276,0,3276,0,3270
12,3270,12,3276,0,3270
0,3270,12,3270,0,3270
0,3270,0,3270,0,3270
248
48,3404,0,3410,0,3288
163,3343,48,3404,0,3288
0,3288,163,3343,0,3288
0,3288,0,3288,0,3288
248
762
2330,3349,2324,3349,2220,2536
2694,3725,2330,3355,2330,3349
3070,3798,2694,3725,2330,3349
2936,2955,3070,3798,2330,3349
2578,2876,2936,2955,2330,3349
2578,2864,2578,2876,2330,3349
2839,2627,2900,2845,2578,2864
2833,2627,2839,2627,2578,2864
2833,2621,2833,2627,2578,2864
2542,2585,2833,2621,2578,2864
2530,2585,2542,2585,2578,2864
2512,2572,2530,2585,2578,2864
2506,2572,2512,2572,2578,2864
2360,2512,2506,2572,2578,2864
2281,2494,2360,2512,2578,2864
2220,2536,2281,2494,2578,2864
2330,3349,2220,2536,2578,2864
761
2220,2536,2214,2536,2196,2469
2336,2481,2506,2572,2360,2512
2318,2481,2336,2481,2360,2512
2311,2475,2318,2475,2318,2481
2305,2475,2311,2475,2318,2481
2287,2475,2305,2475,2318,2481
2233,2475,2287,2469,2287,2475
2233,2481,2233,2475,2287,2475
2220,2536,2196,2469,2233,2481
2281,2494,2220,2536,2233,2481
2360,2512,2281,2494,2233,2481
2318,2481,2360,2512,2233,2481
2287,2475,2318,2481,2233,2481
2233,2481,2287,2475,2233,2481
2233,2481,2233,2481,2233,2481
521
2512,2572,2506,2572,2336,2481
2512,2566,2512,2572,2336,2481
2627,2566,2512,2566,2336,2481
2651,2597,2627,2591,2627,2566
2651,2591,2651,2597,2627,2566
2761,2597,2651,2591,2627,2566
2821,2591,2761,2597,2627,2566
2821,2524,2833,2615,2821,2591
2336,2481,2821,2524,2821,2591
2627,2566,2336,2481,2821,2591
9
2839,2615,2833,2615,2821,2524
2852,2621,2839,2621,2839,2615
2852,2615,2852,2621,2839,2615
2876,2603,2852,2615,2839,2615
2876,2597,2876,2603,2839,2615
2912,2615,2894,2609,2894,2591
2918,2615,2912,2615,2894,2591
2924,2615,2918,2615,2894,2591
2936,2615,2924,2615,2894,2591
2936,2603,2936,2615,2894,2591
2949,2603,2936,2603,2894,2591
3003,2603,2949,2609,2949,2603
3021,2603,3003,2603,2949,2603
3021,2597,3021,2603,2949,2603
3028,2591,3028,2597,3021,2597
3046,2597,3034,2597,3034,2591
3046,2591,3046,2597,3034,2591
3076,2597,3064,2597,3064,2591
3076,2591,3076,2597,3064,2591
3119,2597,3112,2597,3112,2591
3119,2591,3119,2597,3112,2591
3167,2566,3149,2591,3143,2591
3398,2481,3398,2487,3282,2518
3349,2439,3398,2481,3282,2518
3349,2433,3349,2439,3282,2518
3343,2433,3349,2433,3282,2518
2991,2506,3343,2433,3282,2518
2821,2524,2991,2506,3282,2518
2876,2597,2839,2615,2821,2524
2894,2591,2876,2597,2821,2524
2949,2603,2894,2591,2821,2524
3021,2597,2949,2603,2821,2524
3028,2591,3021,2597,2821,2524
3034,2591,3028,2591,2821,2524
3046,2591,3034,2591,2821,2524
3064,2591,3046,2591,2821,2524
3076,2591,3064,2591,2821,2524
3112,2591,3076,2591,2821,2524
3119,2591,3112,2591,2821,2524
3137,2591,3119,2591,2821,2524
3143,2591,3137,2591,2821,2524
3167,2566,3143,2591,2821,2524
3282,2518,3167,2566,2821,2524
2821,2524,3282,2518,2821,2524
2821,2524,2821,2524,2821,2524
520
3349,2433,3343,2433,3307,2360
3458,2427,3349,2433,3307,2360
3464,2427,3458,2427,3307,2360
3555,2372,3464,2427,3307,2360
3343,2348,3555,2372,3307,2360
3307,2360,3343,2348,3307,2360
3307,2360,3307,2360,3307,2360
760
3719,2354,4096,2178,4096,2275
3568,2372,3568,2366,3719,2354
3464,2427,3555,2372,3568,2372
3719,2354,4096,2275,3464,2427
3568,2372,3719,2354,3464,2427
3464,2427,3568,2372,3464,2427
759
3719,2354,3568,2366,3634,2318
4096,2117,4096,2178,3719,2354
4059,2123,4059,2117,4096,2117
3810,2178,4059,2123,4096,2117
3804,2184,3804,2178,3810,2178
3780,2190,3780,2184,3804,2184
3768,2202,3768,2190,3780,2190
3756,2214,3756,2202,3768,2202
3731,2233,3731,2227,3756,2214
3719,2233,3725,2233,3731,2233
3719,2239,3719,2233,3731,2233
3719,2245,3719,2239,3731,2233
3707,2257,3713,2245,3719,2245
3707,2263,3707,2257,3719,2245
3695,2269,3695,2263,3707,2263
3689,2275,3689,2269,3695,2269
3677,2281,3677,2275,3689,2275
3671,2287,3671,2281,3677,2281
3665,2299,3665,2287,3671,2287
3659,2305,3659,2299,3665,2299
3659,2311,3659,2305,3665,2299
3646,2311,3653,2311,3659,2311
3646,2318,3646,2311,3659,2311
3634,2318,3640,2318,3646,2318
3719,2354,3634,2318,3646,2318
4096,2117,3719,2354,3646,2318
3804,2184,3810,2178,4096,2117
3780,2190,3804,2184,4096,2117
3768,2202,3780,2190,4096,2117
3756,2214,3768,2202,4096,2117
3731,2233,3756,2214,4096,2117
3719,2245,3731,2233,4096,2117
3707,2263,3719,2245,4096,2117
3695,2269,3707,2263,4096,2117
3689,2275,3695,2269,4096,2117
3677,2281,3689,2275,4096,2117
3671,2287,3677,2281,4096,2117
3665,2299,3671,2287,4096,2117
3659,2311,3665,2299,4096,2117
3646,2318,3659,2311,4096,2117
4096,2117,3646,2318,4096,2117
519
3343,2348,3307,2360,3276,2293
3555,2372,3343,2348,3276,2293
3568,2372,3555,2372,3276,2293
3568,2366,3568,2372,3276,2293
3634,2318,3568,2366,3276,2293
3276,2293,3634,2318,3276,2293
3276,2293,3276,2293,3276,2293
7
3307,2360,2791,2445,2779,2390
3276,2293,3307,2360,2779,2390
2779,2390,3276,2293,2779,2390
2779,2390,2779,2390,2779,2390
8
2991,2506,2821,2524,2791,2445
3343,2433,2991,2506,2791,2445
3307,2360,3343,2433,2791,2445
2791,2445,3307,2360,2791,2445
2791,2445,2791,2445,2791,2445
519
2305,2463,2287,2463,2281,2451
2311,2469,2305,2469,2305,2463
2330,2469,2311,2469,2305,2463
2518,2475,2330,2469,2305,2463
2791,2445,2754,2457,2518,2475
2779,2390,2791,2445,2518,2475
2779,2384,2779,2390,2518,2475
2494,2463,2779,2384,2518,2475
2402,2445,2494,2463,2518,2475
2281,2451,2402,2445,2518,2475
2305,2463,2281,2451,2518,2475
518
2233,2421,2214,2421,2214,2402
2257,2445,2239,2445,2233,2421
2263,2445,2257,2445,2233,2421
2281,2445,2263,2445,2233,2421
2402,2445,2281,2451,2281,2445
2779,2384,2494,2463,2402,2445
2773,2354,2779,2384,2402,2445
2767,2354,2773,2354,2402,2445
2494,2409,2767,2354,2402,2445
2402,2421,2494,2409,2402,2445
2214,2402,2402,2421,2402,2445
2233,2421,2214,2402,2402,2445
2281,2445,2233,2421,2402,2445
2402,2445,2281,2445,2402,2445
2402,2445,2402,2445,2402,2445
517
2190,2396,2190,2378,2190,2372
2208,2396,2190,2396,2190,2372
2214,2402,2208,2402,2208,2396
2402,2421,2214,2402,2208,2396
2494,2409,2402,2421,2208,2396
2761,2324,2767,2354,2494,2409
2457,2390,2761,2324,2494,2409
2421,2390,2457,2390,2494,2409
2421,2396,2421,2390,2494,2409
2227,2372,2421,2396,2494,2409
2190,2372,2227,2372,2494,2409
2208,2396,2190,2372,2494,2409
5
2773,2354,2767,2354,2761,2324
3270,2269,3270,2275,3173,2269
3270,2263,3270,2269,3173,2269
3264,2263,3270,2263,3173,2269
3167,2263,3264,2263,3173,2269
3028,2287,3167,2263,3173,2269
2767,2324,3028,2287,3173,2269
2773,2354,2761,2324,2767,2324
3173,2269,2773,2354,2767,2324
2767,2324,3173,2269,2767,2324
2767,2324,2767,2324,2767,2324
6
3276,2293,2779,2390,2779,2384
3276,2275,3276,2293,2779,2384
3270,2275,3276,2275,2779,2384
3173,2269,3270,2275,2779,2384
2773,2354,3173,2269,2779,2384
2779,2384,2773,2354,2779,2384
518
3276,2275,3270,2275,3270,2269
3640,2318,3634,2318,3276,2293
3653,2305,3653,2311,3646,2311
3659,2299,3659,2305,3653,2305
3659,2287,3659,2299,3653,2305
3665,2281,3665,2287,3659,2287
3671,2275,3671,2281,3665,2281
3689,2269,3689,2275,3677,2275
3689,2263,3689,2269,3677,2275
3695,2257,3695,2263,3689,2263
3713,2245,3707,2257,3695,2257
3713,2239,3713,2245,3695,2257
3719,2233,3719,2239,3713,2239
3725,2227,3725,2233,3719,2233
3731,2220,3731,2227,3725,2227
3737,2202,3737,2220,3731,2220
3756,2190,3756,2196,3737,2202
3768,2184,3768,2190,3756,2190
3780,2178,3780,2184,3768,2184
3859,2154,3810,2178,3804,2178
3859,2142,3859,2154,3804,2178
3270,2269,3416,2281,3574,2311
3276,2275,3270,2269,3574,2311
3276,2293,3276,2275,3574,2311
3640,2318,3276,2293,3574,2311
3640,2311,3640,2318,3574,2311
3646,2311,3640,2311,3574,2311
3653,2305,3646,2311,3574,2311
3659,2287,3653,2305,3574,2311
3665,2281,3659,2287,3574,2311
3671,2275,3665,2281,3574,2311
3689,2263,3677,2275,3671,2275
3695,2257,3689,2263,3671,2275
3713,2239,3695,2257,3671,2275
3719,2233,3713,2239,3671,2275
3725,2227,3719,2233,3671,2275
3731,2220,3725,2227,3671,2275
3737,2202,3731,2220,3671,2275
3780,2178,3768,2184,3756,2190
3859,2142,3804,2178,3780,2178
3713,2178,3859,2142,3780,2178
3671,2275,3574,2311,3713,2178
3737,2202,3671,2275,3713,2178
3756,2190,3737,2202,3713,2178
3780,2178,3756,2190,3713,2178
3713,2178,3780,2178,3713,2178
3713,2178,3713,2178,3713,2178
517
3270,2269,3270,2263,3270,2257
3416,2281,3270,2269,3270,2257
3877,2129,3877,2142,3871,2142
3865,2129,3877,2129,3871,2142
3865,2135,3865,2129,3871,2142
3841,2135,3865,2135,3871,2142
3810,2135,3841,2135,3871,2142
3786,2148,3786,2142,3792,2142
3762,2154,3762,2148,3786,2148
3750,2160,3750,2154,3762,2154
3707,2166,3731,2160,3750,2160
3689,2172,3689,2166,3707,2166
3665,2178,3665,2172,3689,2172
3653,2184,3653,2178,3665,2178
3640,2208,3640,2184,3653,2184
3640,2227,3634,2208,3640,2208
3640,2245,3634,2227,3640,2227
3622,2257,3622,2251,3640,2245
3592,2263,3592,2257,3622,2257
3568,2269,3592,2263,3622,2257
3568,2275,3568,2269,3622,2257
3555,2281,3555,2275,3568,2275
3562,2281,3555,2281,3568,2275
3562,2287,3562,2281,3568,2275
3580,2287,3562,2287,3568,2275
3519,2299,3519,2293,3549,2299
3501,2293,3513,2293,3513,2299
3483,2287,3501,2287,3501,2293
3477,2281,3483,2281,3483,2287
3464,2281,3477,2281,3483,2287
3446,2275,3464,2275,3464,2281
3440,2263,3446,2263,3446,2275
3434,2257,3440,2257,3440,2263
3428,2257,3434,2257,3440,2263
3422,2257,3428,2257,3440,2263
3410,2257,3422,2257,3440,2263
3410,2263,3410,2257,3440,2263
3404,2269,3404,2263,3410,2263
3410,2269,3404,2269,3410,2263
3410,2275,3410,2269,3410,2263
3386,2269,3392,2269,3392,2275
3379,2269,3386,2269,3392,2275
3367,2269,3379,2269,3392,2275
3355,2269,3367,2269,3392,2275
3343,2263,3355,2263,3355,2269
3270,2257,3343,2257,3343,2263
3810,2135,3871,2142,3865,2142
3786,2148,3792,2142,3810,2142
3750,2160,3762,2154,3786,2148
3689,2172,3707,2166,3750,2160
3665,2178,3689,2172,3750,2160
3653,2184,3665,2178,3750,2160
3640,2208,3653,2184,3750,2160
3640,2245,3640,2227,3640,2208
3580,2287,3568,2275,3622,2257
3580,2299,3580,2287,3622,2257
3483,2287,3501,2293,3513,2299
3464,2281,3483,2287,3513,2299
3446,2275,3464,2281,3513,2299
3410,2263,3440,2263,3446,2275
3410,2275,3410,2263,3446,2275
3392,2275,3410,2275,3446,2275
3270,2257,3343,2263,3355,2269
3416,2281,3270,2257,3355,2269
3574,2311,3416,2281,3355,2269
3810,2135,3865,2142,3859,2142
3810,2142,3810,2135,3859,2142
3786,2148,3810,2142,3859,2142
3750,2160,3786,2148,3859,2142
3580,2299,3622,2257,3640,2245
3392,2275,3446,2275,3513,2299
3355,2269,3392,2275,3513,2299
3574,2311,3355,2269,3513,2299
3750,2160,3859,2142,3713,2178
3640,2208,3750,2160,3713,2178
3640,2245,3640,2208,3713,2178
3574,2311,3513,2299,3519,2299
3640,2245,3713,2178,3574,2311
3580,2299,3640,2245,3574,2311
3549,2299,3580,2299,3574,2311
3519,2299,3549,2299,3574,2311
3574,2311,3519,2299,3574,2311
516
3264,2263,3264,2257,3264,2251
3270,2263,3264,2263,3264,2251
3270,2257,3270,2263,3264,2251
3343,2257,3270,2257,3264,2251
3355,2263,3343,2263,3343,2257
3367,2269,3355,2269,3355,2263
3343,2251,3367,2269,3355,2263
3337,2251,3343,2251,3355,2263
3319,2245,3325,2245,3325,2251
3319,2251,3319,2245,3325,2251
3343,2257,3264,2251,3270,2251
3337,2251,3355,2263,3343,2257
3325,2251,3337,2251,3343,2257
3319,2251,3325,2251,3343,2257
3307,2251,3319,2251,3343,2257
3288,2251,3307,2251,3343,2257
3270,2251,3288,2251,3343,2257
3343,2257,3270,2251,3343,2257
512
3264,2251,3258,2251,2724,515
3270,2251,3264,2251,2724,515
3270,2245,3270,2251,2724,515
3288,2245,3270,2245,2724,515
3307,2251,3288,2251,3288,2245
3307,2245,3307,2251,3288,2245
3367,2269,3343,2251,3343,2245
3379,2269,3367,2269,3343,2245
3379,2263,3379,2269,3343,2245
3386,2263,3379,2263,3343,2245
3392,2263,3386,2263,3343,2245
3392,2257,3392,2263,3343,2245
3398,2257,3392,2257,3343,2245
3410,2257,3398,2257,3343,2245
3422,2257,3410,2257,3343,2245
3422,2251,3422,2257,3343,2245
3428,2251,3422,2251,3343,2245
3434,2251,3428,2251,3343,2245
3440,2257,3434,2257,3434,2251
3458,2257,3440,2257,3434,2251
3458,2257,3458,2257,3434,2251
3464,2269,3458,2269,3458,2257
3477,2269,3464,2269,3458,2257
3477,2281,3477,2275,3477,2269
3483,2281,3477,2281,3477,2269
3501,2281,3483,2281,3477,2269
3513,2287,3501,2287,3501,2281
3519,2293,3513,2293,3513,2287
3549,2299,3519,2293,3513,2287
3549,2293,3549,2299,3513,2287
3562,2293,3549,2293,3513,2287
3549,2287,3562,2287,3562,2293
3537,2281,3549,2281,3549,2287
3549,2269,3549,2275,3537,2275
3574,2257,3568,2269,3549,2269
3568,2257,3574,2257,3549,2269
3568,2251,3568,2257,3549,2269
3598,2245,3598,2251,3574,2251
3622,2227,3622,2245,3610,2245
3628,2220,3628,2227,3622,2227
3628,2196,3628,2220,3622,2227
3622,2196,3628,2196,3622,2227
3616,2190,3622,2190,3622,2196
3622,2178,3622,2184,3616,2184
3628,2172,3628,2178,3622,2178
3665,2172,3640,2172,3628,2172
3665,2166,3665,2172,3628,2172
3683,2160,3683,2166,3665,2166
3731,2160,3707,2166,3707,2160
3731,2154,3731,2160,3707,2160
3737,2148,3737,2154,3731,2154
3762,2148,3744,2148,3737,2148
3762,2142,3762,2148,3737,2148
3786,2135,3786,2142,3762,2142
3841,2129,3841,2135,3810,2135
3877,2129,3865,2129,3841,2129
3877,2111,3877,2129,3841,2129
3907,2105,3889,2111,3877,2111
3913,2087,3907,2105,3877,2111
4096,1917,3913,2087,3877,2111
4096,1693,4096,1917,3877,2111
3222,418,4096,1693,3877,2111
3203,412,3222,418,3877,2111
2724,515,3203,412,3877,2111
3288,2245,2724,515,3877,2111
3307,2245,3288,2245,3877,2111
3319,2245,3307,2245,3877,2111
3325,2245,3319,2245,3877,2111
3501,2281,3477,2269,3458,2257
3513,2287,3501,2281,3458,2257
3562,2293,3513,2287,3458,2257
3549,2287,3562,2293,3458,2257
3537,2281,3549,2287,3458,2257
3537,2275,3537,2281,3458,2257
3549,2269,3537,2275,3458,2257
3568,2251,3549,2269,3458,2257
3598,2245,3574,2251,3568,2251
3622,2227,3610,2245,3598,2245
3622,2196,3622,2227,3598,2245
3616,2190,3622,2196,3598,2245
3616,2184,3616,2190,3598,2245
3628,2172,3622,2178,3616,2184
3683,2160,3665,2166,3628,2172
3707,2160,3689,2160,3683,2160
3731,2154,3707,2160,3683,2160
3737,2148,3731,2154,3683,2160
3762,2142,3737,2148,3683,2160
3786,2135,3762,2142,3683,2160
3810,2135,3792,2135,3786,2135
3841,2129,3810,2135,3786,2135
3877,2111,3841,2129,3786,2135
3568,2251,3458,2257,3434,2251
3598,2245,3568,2251,3434,2251
3616,2184,3598,2245,3434,2251
3628,2172,3616,2184,3434,2251
3786,2135,3683,2160,3628,2172
3877,2111,3786,2135,3628,2172
3325,2245,3877,2111,3628,2172
3337,2245,3325,2245,3628,2172
3343,2245,3337,2245,3628,2172
3434,2251,3343,2245,3628,2172
3628,2172,3434,2251,3628,2172
3628,2172,3628,2172,3628,2172
592
3203,412,2724,515,2609,0
2991,0,3203,412,2609,0
2609,0,2991,0,2609,0
2609,0,2609,0,2609,0
80
3222,418,3203,412,2991,0
3434,321,3222,418,2991,0
3161,0,3434,321,2991,0
2991,0,3161,0,2991,0
2991,0,2991,0,2991,0
0
4096,1693,3222,418,3434,321
4096,1304,4096,1693,3434,321
3568,321,3574,321,4096,1304
3434,321,3568,321,4096,1304
4096,1304,3434,321,4096,1304
2560
4096,224,4096,1304,3574,321
3998,194,4096,224,3574,321
3574,321,3998,194,3574,321
3574,321,3574,321,3574,321
2608
3574,315,3568,315,3282,0
3998,194,3574,321,3574,315
3950,121,3998,194,3574,315
3950,0,3950,121,3574,315
3282,0,3950,0,3574,315
3574,315,3282,0,3574,315
2768
3998,194,3950,121,3950,0
4096,224,3998,194,3950,0
4096,0,4096,224,3950,0
3950,0,4096,0,3950,0
3950,0,3950,0,3950,0
51
3446,175,3440,175,3440,169
3446,169,3446,175,3440,169
3440,169,3446,169,3440,169
3440,169,3440,169,3440,169
53
3440,175,3428,175,3428,169
3440,169,3440,175,3428,169
3428,169,3440,169,3428,169
3428,169,3428,169,3428,169
52
3428,175,3422,175,3422,169
3428,169,3428,175,3422,169
3422,169,3428,169,3422,169
3422,169,3422,169,3422,169
2560
3574,321,3568,321,3568,315
3574,315,3574,321,3568,315
3568,315,3574,315,3568,315
3568,315,3568,315,3568,315
80
2724,515,2469,564,2299,0
2609,0,2724,515,2299,0
2299,0,2609,0,2299,0
2299,0,2299,0,2299,0
0
2779,2305,2767,2305,2469,564
2803,2305,2779,2305,2469,564
2803,2299,2803,2305,2469,564
2852,2299,2803,2299,2469,564
2882,2299,2852,2299,2469,564
2882,2293,2882,2299,2469,564
2906,2293,2882,2293,2469,564
2912,2293,2906,2293,2469,564
2912,2287,2912,2293,2469,564
2943,2287,2912,2287,2469,564
2943,2281,2943,2287,2469,564
2985,2281,2943,2281,2469,564
2985,2275,2985,2281,2469,564
2991,2257,2991,2275,2985,2275
3009,2239,2997,2257,2991,2257
3003,2239,3009,2239,2991,2257
3003,2220,3003,2239,2991,2257
2979,2202,3003,2220,2991,2257
2973,2202,2979,2202,2991,2257
2967,2196,2973,2196,2973,2202
2961,2184,2967,2184,2967,2196
2967,2172,2967,2178,2961,2178
2979,2166,2979,2172,2967,2172
2997,2160,2997,2166,2991,2166
3100,2172,3100,2166,3119,2166
3094,2178,3094,2172,3100,2172
3082,2184,3082,2178,3094,2178
3058,2190,3058,2184,3070,2184
3070,2190,3058,2190,3070,2184
3070,2196,3070,2190,3070,2184
3100,2196,3070,2196,3070,2184
3131,2202,3100,2202,3100,2196
3131,2196,3131,2202,3100,2196
3197,2208,3179,2208,3167,2196
3191,2233,3191,2227,3197,2227
3197,2233,3191,2233,3197,2227
3191,2245,3191,2239,3197,2239
3210,2257,3191,2245,3197,2239
3216,2257,3210,2257,3197,2239
3216,2251,3216,2257,3197,2239
3258,2251,3216,2251,3197,2239
2469,564,2724,515,3258,2251
2973,2202,2991,2257,2985,2275
2967,2196,2973,2202,2985,2275
2961,2184,2967,2196,2985,2275
2997,2160,2991,2166,2979,2166
3100,2172,3119,2166,3125,2166
3094,2178,3100,2172,3125,2166
3082,2184,3094,2178,3125,2166
3100,2196,3070,2184,3082,2184
3131,2196,3100,2196,3082,2184
3167,2196,3131,2196,3082,2184
3258,2251,3197,2239,3197,2233
2961,2184,2985,2275,2469,564
2961,2178,2961,2184,2469,564
2967,2172,2961,2178,2469,564
2979,2166,2967,2172,2469,564
2997,2160,2979,2166,2469,564
3009,2160,2997,2160,2469,564
3100,2160,3009,2160,2469,564
3119,2160,3100,2160,2469,564
3125,2160,3119,2160,2469,564
3167,2196,3082,2184,3125,2166
3197,2208,3167,2196,3125,2166
3197,2233,3197,2227,3197,2208
3258,2251,3197,2233,3197,2208
2469,564,3258,2251,3197,2208
3125,2160,2469,564,3197,2208
3125,2166,3125,2160,3197,2208
3197,2208,3125,2166,3197,2208
3197,2208,3197,2208,3197,2208
3
3264,2257,3216,2257,3216,2251
3258,2251,3264,2251,3264,2257
3216,2251,3258,2251,3264,2257
3264,2257,3216,2251,3264,2257
3
3149,2202,3131,2202,3131,2196
3173,2208,3149,2208,3149,2202
3191,2245,3210,2257,3167,2251
3185,2245,3191,2245,3167,2251
3185,2233,3185,2245,3167,2251
3191,2227,3191,2233,3185,2233
3185,2227,3191,2227,3185,2233
3185,2214,3185,2227,3185,2233
3179,2214,3185,2214,3185,2233
3167,2196,3179,2208,3179,2214
3149,2202,3131,2196,3167,2196
3173,2208,3149,2202,3167,2196
3185,2233,3167,2251,3173,2208
3179,2214,3185,2233,3173,2208
3167,2196,3179,2214,3173,2208
3173,2208,3167,2196,3173,2208
3
3003,2220,2979,2202,2979,2196
3009,2220,3003,2220,2979,2196
3009,2257,3009,2251,3015,2251
3003,2275,3003,2257,3009,2257
2991,2281,2991,2275,3003,2275
3009,2281,2991,2281,3003,2275
3034,2227,3009,2281,3003,2275
2979,2196,2991,2196,2991,2202
3009,2220,2979,2196,2991,2202
3003,2275,3009,2257,3015,2251
3034,2227,3003,2275,3015,2251
3028,2227,3034,2227,3015,2251
3009,2220,2991,2202,3028,2227
3015,2251,3009,2220,3028,2227
3028,2227,3015,2251,3028,2227
3028,2227,3028,2227,3028,2227
2
3003,2275,2991,2275,2991,2257
3009,2251,3009,2257,3003,2257
3003,2220,3009,2220,3015,2251
3009,2239,3003,2239,3003,2220
3003,2275,2991,2257,2997,2257
3003,2257,3003,2275,2997,2257
3009,2251,3003,2257,2997,2257
3009,2239,3003,2220,3015,2251
3009,2251,2997,2257,3009,2239
3015,2251,3009,2251,3009,2239
3009,2239,3015,2251,3009,2239
3009,2239,3009,2239,3009,2239
3
2967,2184,2961,2184,2961,2178
2973,2196,2967,2196,2967,2184
2979,2196,2973,2196,2967,2184
2973,2184,2979,2184,2979,2196
2979,2172,2979,2178,2973,2178
2967,2172,2979,2172,2973,2178
2967,2178,2967,2172,2973,2178
2961,2178,2967,2178,2973,2178
2967,2184,2961,2178,2973,2178
2973,2184,2979,2196,2967,2184
2973,2178,2973,2184,2967,2184
2967,2184,2973,2178,2967,2184
5
3
3070,2184,3058,2184,3058,2178
3082,2172,3082,2178,3070,2178
3100,2166,3100,2172,3094,2172
3076,2166,3100,2166,3094,2172
3064,2178,3064,2172,3076,2172
3070,2184,3058,2178,3064,2178
3070,2178,3070,2184,3064,2178
3082,2172,3070,2178,3064,2178
3076,2166,3094,2172,3082,2172
3076,2172,3076,2166,3082,2172
3064,2178,3076,2172,3082,2172
3082,2172,3064,2178,3082,2172
5
5
3
3131,2208,3094,2208,3094,2202
3100,2202,3131,2202,3131,2208
3070,2196,3100,2196,3100,2202
3058,2190,3070,2190,3070,2196
3058,2196,3058,2190,3070,2196
3094,2202,3058,2196,3070,2196
3100,2202,3131,2208,3094,2202
3070,2196,3100,2202,3094,2202
3094,2202,3070,2196,3094,2202
2
3185,2214,3179,2214,3179,2208
3191,2227,3185,2227,3185,2214
3197,2227,3191,2227,3185,2214
3197,2208,3197,2227,3185,2214
3179,2208,3197,2208,3185,2214
3185,2214,3179,2208,3185,2214
2
3191,2245,3185,2245,3185,2233
3191,2239,3191,2245,3185,2233
3197,2239,3191,2239,3185,2233
3191,2233,3197,2233,3197,2239
3185,2233,3191,2233,3197,2239
3197,2239,3185,2233,3197,2239
2
3082,2184,3070,2184,3070,2178
3082,2178,3082,2184,3070,2178
3070,2178,3082,2178,3070,2178
3070,2178,3070,2178,3070,2178
2
3094,2178,3082,2178,3082,2172
3094,2172,3094,2178,3082,2172
3082,2172,3094,2172,3082,2172
3082,2172,3082,2172,3082,2172
2
3125,2166,3119,2166,3119,2160
3125,2160,3125,2166,3119,2160
3119,2160,3125,2160,3119,2160
3119,2160,3119,2160,3119,2160
3
3119,2166,3100,2166,3100,2160
3119,2160,3119,2166,3100,2160
3100,2160,3119,2160,3100,2160
3100,2160,3100,2160,3100,2160
3
2985,2287,2943,2287,2943,2281
2985,2281,2985,2287,2943,2281
2943,2281,2985,2281,2943,2281
2943,2281,2943,2281,2943,2281
2
2991,2281,2985,2281,2985,2275
2991,2275,2991,2281,2985,2275
2985,2275,2991,2275,2985,2275
2985,2275,2985,2275,2985,2275
3
2943,2293,2912,2293,2912,2287
2943,2287,2943,2293,2912,2287
2912,2287,2943,2287,2912,2287
2912,2287,2912,2287,2912,2287
3
2906,2299,2882,2299,2882,2293
2906,2293,2906,2299,2882,2293
2882,2293,2906,2293,2882,2293
2882,2293,2882,2293,2882,2293
2
2979,2202,2973,2202,2973,2196
2979,2196,2979,2202,2973,2196
2973,2196,2979,2196,2973,2196
2973,2196,2973,2196,2973,2196
3
3009,2166,2997,2166,2997,2160
3009,2160,3009,2166,2997,2160
2997,2160,3009,2160,2997,2160
2997,2160,2997,2160,2997,2160
3
2991,2172,2979,2172,2979,2166
2991,2166,2991,2172,2979,2166
2979,2166,2991,2166,2979,2166
2979,2166,2979,2166,2979,2166
3
2852,2305,2803,2305,2803,2299
2852,2299,2852,2305,2803,2299
2803,2299,2852,2299,2803,2299
2803,2299,2803,2299,2803,2299
3
2779,2311,2767,2311,2767,2305
2779,2305,2779,2311,2767,2305
2767,2305,2779,2305,2767,2305
2767,2305,2767,2305,2767,2305
752
3926,2105,3907,2105,3913,2087
3926,2099,3926,2105,3913,2087
3998,2099,3926,2099,3913,2087
3998,2093,3998,2099,3913,2087
4011,2093,3998,2093,3913,2087
4053,2093,4011,2093,3913,2087
4083,2093,4053,2093,3913,2087
4077,2087,4083,2087,4083,2093
4071,2081,4077,2081,4077,2087
4096,1917,4096,2075,4071,2075
3913,2087,4096,1917,4071,2075
4077,2087,4083,2093,3913,2087
4071,2081,4077,2087,3913,2087
4071,2075,4071,2081,3913,2087
3913,2087,4071,2075,3913,2087
3913,2087,3913,2087,3913,2087
756
3907,2111,3907,2117,3883,2129
3926,2105,3926,2111,3907,2111
3907,2105,3926,2105,3907,2111
3889,2111,3907,2105,3907,2111
3889,2117,3889,2111,3907,2111
3883,2129,3883,2117,3889,2117
3907,2111,3883,2129,3889,2117
3889,2117,3907,2111,3889,2117
3889,2117,3889,2117,3889,2117
757
3926,2117,3926,2123,3877,2142
3974,2111,3974,2117,3926,2117
4023,2105,4023,2111,3974,2111
4089,2081,4096,2081,4096,2105
4089,2093,4089,2081,4096,2105
4083,2093,4089,2093,4096,2105
4053,2093,4083,2093,4096,2105
4053,2099,4053,2093,4096,2105
4011,2099,4053,2099,4096,2105
3926,2111,3926,2105,4011,2105
3907,2117,3907,2111,3926,2111
3883,2129,3907,2117,3926,2111
3877,2142,3877,2129,3883,2129
3926,2117,3877,2142,3883,2129
4023,2105,3974,2111,3926,2117
4011,2099,4096,2105,4023,2105
4011,2105,4011,2099,4023,2105
3926,2111,4011,2105,4023,2105
3926,2117,3883,2129,3926,2111
4023,2105,3926,2117,3926,2111
3926,2111,4023,2105,3926,2111
3926,2111,3926,2111,3926,2111
756
4077,2081,4071,2081,4071,2075
4083,2087,4077,2087,4077,2081
4089,2093,4083,2093,4083,2087
4089,2081,4089,2093,4083,2087
4096,2075,4096,2081,4089,2081
4071,2075,4096,2075,4089,2081
4077,2081,4071,2075,4089,2081
4083,2087,4077,2081,4089,2081
4089,2081,4083,2087,4089,2081
4089,2081,4089,2081,4089,2081
758
4059,2123,3810,2178,3859,2154
4059,2117,4059,2123,3859,2154
4096,2105,4096,2117,4059,2117
4023,2105,4096,2105,4059,2117
4023,2111,4023,2105,4059,2117
3974,2111,4023,2111,4059,2117
3974,2117,3974,2111,4059,2117
3926,2117,3974,2117,4059,2117
3926,2123,3926,2117,4059,2117
3877,2142,3926,2123,4059,2117
3871,2148,3871,2142,3877,2142
3859,2142,3865,2142,3865,2148
3859,2154,3859,2142,3865,2148
3871,2148,3877,2142,4059,2117
3859,2154,3865,2148,3871,2148
4059,2117,3859,2154,3871,2148
756
4011,2105,3926,2105,3926,2099
3998,2099,4011,2099,4011,2105
3926,2099,3998,2099,4011,2105
4011,2105,3926,2099,4011,2105
755
4011,2099,3998,2099,3998,2093
4011,2093,4011,2099,3998,2093
3998,2093,4011,2093,3998,2093
3998,2093,3998,2093,3998,2093
756
4053,2099,4011,2099,4011,2093
4053,2093,4053,2099,4011,2093
4011,2093,4053,2093,4011,2093
4011,2093,4011,2093,4011,2093
516
3883,2129,3877,2129,3877,2111
3883,2117,3883,2129,3877,2111
3889,2117,3883,2117,3877,2111
3889,2111,3889,2117,3877,2111
3877,2111,3889,2111,3877,2111
3877,2111,3877,2111,3877,2111
516
3750,2160,3731,2160,3731,2154
3762,2148,3762,2154,3750,2154
3744,2148,3762,2148,3750,2154
3744,2154,3744,2148,3750,2154
3750,2160,3731,2154,3737,2154
3744,2154,3750,2154,3750,2160
3737,2154,3744,2154,3750,2160
3750,2160,3737,2154,3750,2160
515
3744,2154,3737,2154,3737,2148
3744,2148,3744,2154,3737,2148
3737,2148,3744,2148,3737,2148
3737,2148,3737,2148,3737,2148
515
3689,2166,3683,2166,3683,2160
3689,2160,3689,2166,3683,2160
3683,2160,3689,2160,3683,2160
3683,2160,3683,2160,3683,2160
516
3628,2220,3628,2196,3628,2184
3634,2220,3628,2220,3628,2184
3640,2227,3634,2227,3634,2220
3634,2208,3640,2227,3634,2220
3640,2184,3640,2208,3634,2208
3653,2178,3653,2184,3640,2184
3665,2172,3665,2178,3653,2178
3640,2172,3665,2172,3653,2178
3640,2178,3640,2172,3653,2178
3634,2178,3640,2178,3653,2178
3634,2184,3634,2178,3653,2178
3634,2208,3634,2220,3628,2184
3634,2184,3653,2178,3640,2184
3628,2184,3634,2184,3640,2184
3634,2208,3628,2184,3640,2184
515
3628,2196,3622,2196,3622,2190
3628,2184,3628,2196,3622,2190
3634,2178,3634,2184,3628,2184
3640,2172,3640,2178,3634,2178
3628,2172,3640,2172,3634,2178
3628,2178,3628,2172,3634,2178
3622,2178,3628,2178,3634,2178
3622,2184,3622,2178,3634,2178
3628,2184,3622,2190,3622,2184
3634,2178,3628,2184,3622,2184
3622,2184,3634,2178,3622,2184
514
3622,2190,3616,2190,3616,2184
3622,2184,3622,2190,3616,2184
3616,2184,3622,2184,3616,2184
3616,2184,3616,2184,3616,2184
515
3634,2227,3628,2227,3628,2220
3634,2220,3634,2227,3628,2220
3628,2220,3634,2220,3628,2220
3628,2220,3628,2220,3628,2220
516
3592,2263,3568,2269,3574,2257
3592,2257,3592,2263,3574,2257
3622,2257,3592,2257,3574,2257
3622,2251,3622,2257,3574,2257
3634,2227,3640,2245,3622,2251
3628,2227,3634,2227,3622,2251
3622,2245,3622,2227,3628,2227
3610,2251,3610,2245,3622,2245
3574,2257,3574,2251,3598,2251
3622,2245,3628,2227,3622,2251
3610,2251,3622,2245,3622,2251
3598,2251,3610,2251,3622,2251
3574,2257,3598,2251,3622,2251
3622,2251,3574,2257,3622,2251
515
3610,2251,3598,2251,3598,2245
3610,2245,3610,2251,3598,2245
3598,2245,3610,2245,3598,2245
3598,2245,3598,2245,3598,2245
516
3549,2281,3537,2281,3537,2275
3562,2287,3549,2287,3549,2281
3555,2281,3562,2281,3562,2287
3568,2269,3568,2275,3555,2275
3549,2269,3568,2269,3555,2275
3549,2275,3549,2269,3555,2275
3537,2275,3549,2275,3555,2275
3549,2281,3537,2275,3555,2275
3555,2281,3562,2287,3549,2281
3555,2275,3555,2281,3549,2281
3549,2281,3555,2275,3549,2281
515
3574,2257,3568,2257,3568,2251
3574,2251,3574,2257,3568,2251
3568,2251,3574,2251,3568,2251
3568,2251,3568,2251,3568,2251
516
3446,2263,3440,2263,3440,2257
3464,2275,3446,2275,3446,2263
3458,2269,3464,2269,3464,2275
3440,2257,3458,2257,3458,2269
3446,2263,3440,2257,3458,2269
3464,2275,3446,2263,3458,2269
3458,2269,3464,2275,3458,2269
3458,2269,3458,2269,3458,2269
515
3477,2275,3464,2275,3464,2269
3477,2269,3477,2275,3464,2269
3464,2269,3477,2269,3464,2269
3464,2269,3464,2269,3464,2269
516
516
3410,2275,3392,2275,3392,2269
3404,2269,3410,2269,3410,2275
3410,2257,3410,2263,3404,2263
3398,2257,3410,2257,3404,2263
3398,2263,3398,2257,3404,2263
3398,2269,3398,2263,3404,2263
3410,2275,3392,2269,3398,2269
3404,2269,3410,2275,3398,2269
3404,2263,3404,2269,3398,2269
3398,2269,3404,2263,3398,2269
3398,2269,3398,2269,3398,2269
515
3392,2269,3386,2269,3386,2263
3398,2269,3392,2269,3386,2263
3392,2263,3398,2263,3398,2269
3386,2263,3392,2263,3398,2269
3398,2269,3386,2263,3398,2269
514
3398,2263,3392,2263,3392,2257
3398,2257,3398,2263,3392,2257
3392,2257,3398,2257,3392,2257
3392,2257,3392,2257,3392,2257
514
3343,2251,3337,2251,3337,2245
3343,2245,3343,2251,3337,2245
3337,2245,3343,2245,3337,2245
3337,2245,3337,2245,3337,2245
515
3337,2251,3325,2251,3325,2245
3337,2245,3337,2251,3325,2245
3325,2245,3337,2245,3325,2245
3325,2245,3325,2245,3325,2245
515
3319,2251,3307,2251,3307,2245
3319,2245,3319,2251,3307,2245
3307,2245,3319,2245,3307,2245
3307,2245,3307,2245,3307,2245
515
3288,2251,3270,2251,3270,2245
3288,2245,3288,2251,3270,2245
3270,2245,3288,2245,3270,2245
3270,2245,3270,2245,3270,2245
516
3386,2269,3379,2269,3379,2263
3386,2263,3386,2269,3379,2263
3379,2263,3386,2263,3379,2263
3379,2263,3379,2263,3379,2263
516
3428,2257,3422,2257,3422,2251
3428,2251,3428,2257,3422,2251
3422,2251,3428,2251,3422,2251
3422,2251,3422,2251,3422,2251
515
3434,2257,3428,2257,3428,2251
3434,2251,3434,2257,3428,2251
3428,2251,3434,2251,3428,2251
3428,2251,3428,2251,3428,2251
516
3477,2281,3464,2281,3464,2275
3477,2275,3477,2281,3464,2275
3464,2275,3477,2275,3464,2275
3464,2275,3464,2275,3464,2275
516
3501,2287,3483,2287,3483,2281
3501,2281,3501,2287,3483,2281
3483,2281,3501,2281,3483,2281
3483,2281,3483,2281,3483,2281
516
3513,2293,3501,2293,3501,2287
3513,2287,3513,2293,3501,2287
3501,2287,3513,2287,3501,2287
3501,2287,3501,2287,3501,2287
516
3519,2299,3513,2299,3513,2293
3519,2293,3519,2299,3513,2293
3513,2293,3519,2293,3513,2293
3513,2293,3513,2293,3513,2293
516
3580,2299,3549,2299,3549,2293
3562,2287,3580,2287,3580,2299
3562,2293,3562,2287,3580,2299
3549,2293,3562,2293,3580,2299
3580,2299,3549,2293,3580,2299
516
3689,2172,3665,2172,3665,2166
3683,2166,3689,2166,3689,2172
3665,2166,3683,2166,3689,2172
3689,2172,3665,2166,3689,2172
516
3707,2166,3689,2166,3689,2160
3707,2160,3707,2166,3689,2160
3689,2160,3707,2160,3689,2160
3689,2160,3689,2160,3689,2160
516
3786,2148,3762,2148,3762,2142
3786,2142,3786,2148,3762,2142
3762,2142,3786,2142,3762,2142
3762,2142,3762,2142,3762,2142
515
3792,2142,3786,2142,3786,2135
3792,2135,3792,2142,3786,2135
3786,2135,3792,2135,3786,2135
3786,2135,3786,2135,3786,2135
516
3810,2142,3792,2142,3792,2135
3810,2135,3810,2142,3792,2135
3792,2135,3810,2135,3792,2135
3792,2135,3792,2135,3792,2135
518
3871,2148,3865,2148,3865,2142
3871,2142,3871,2148,3865,2142
3865,2142,3871,2142,3865,2142
3865,2142,3865,2142,3865,2142
516
3865,2135,3841,2135,3841,2129
3865,2129,3865,2135,3841,2129
3841,2129,3865,2129,3841,2129
3841,2129,3841,2129,3841,2129
519
3768,2190,3768,2202,3756,2202
3756,2196,3756,2190,3768,2190
3737,2220,3737,2202,3756,2196
3731,2227,3731,2220,3737,2220
3756,2214,3731,2227,3737,2220
3756,2202,3756,2214,3737,2220
3768,2190,3756,2202,3737,2220
3756,2196,3768,2190,3737,2220
3737,2220,3756,2196,3737,2220
3737,2220,3737,2220,3737,2220
757
2196,2409,2178,2409,2178,2396
2196,2402,2196,2409,2178,2396
2208,2402,2196,2402,2178,2396
2190,2396,2208,2396,2208,2402
2184,2378,2190,2378,2190,2396
2184,2396,2184,2378,2190,2396
2178,2396,2184,2396,2190,2396
2208,2402,2178,2396,2190,2396
758
2190,2439,2184,2439,2178,2409
2239,2445,2190,2439,2178,2409
2214,2421,2233,2421,2239,2445
2208,2402,2214,2402,2214,2421
2196,2402,2208,2402,2214,2421
2196,2409,2196,2402,2214,2421
2178,2409,2196,2409,2214,2421
2239,2445,2178,2409,2214,2421
759
2227,2463,2196,2463,2190,2439
2269,2469,2227,2469,2227,2463
2269,2463,2269,2469,2227,2463
2287,2463,2269,2463,2227,2463
2281,2451,2287,2463,2227,2463
2263,2451,2281,2451,2227,2463
2257,2451,2263,2451,2227,2463
2257,2445,2257,2451,2227,2463
2239,2445,2257,2445,2227,2463
2190,2439,2239,2445,2227,2463
2227,2463,2190,2439,2227,2463
760
2233,2481,2196,2469,2196,2463
2233,2475,2233,2481,2196,2463
2269,2463,2287,2463,2287,2469
2269,2469,2269,2463,2287,2469
2227,2469,2269,2469,2287,2469
2196,2463,2227,2463,2227,2469
2233,2475,2196,2463,2227,2469
2287,2469,2233,2475,2227,2469
2227,2469,2287,2469,2227,2469
2227,2469,2227,2469,2227,2469
247
2172,2469,1243,2402,1280,2390
2172,2463,2172,2469,1280,2390
2196,2463,2172,2463,1280,2390
2184,2439,2190,2439,2196,2463
1862,2433,2184,2439,2196,2463
1280,2390,1862,2427,1862,2433
2196,2463,1280,2390,1862,2433
519
2263,2451,2257,2451,2257,2445
2263,2445,2263,2451,2257,2445
2257,2445,2263,2445,2257,2445
2257,2445,2257,2445,2257,2445
758
2281,2451,2263,2451,2263,2445
2281,2445,2281,2451,2263,2445
2263,2445,2281,2445,2263,2445
2263,2445,2263,2445,2263,2445
520
2305,2469,2287,2469,2287,2463
2305,2463,2305,2469,2287,2463
2287,2463,2305,2463,2287,2463
2287,2463,2287,2463,2287,2463
760
2318,2475,2311,2475,2311,2469
2336,2481,2318,2481,2318,2475
2330,2475,2336,2475,2336,2481
2311,2469,2330,2469,2330,2475
2318,2475,2311,2469,2330,2475
2336,2481,2318,2475,2330,2475
2330,2475,2336,2481,2330,2475
2330,2475,2330,2475,2330,2475
512
758
3646,2318,3640,2318,3640,2311
3646,2311,3646,2318,3640,2311
3640,2311,3646,2311,3640,2311
3640,2311,3640,2311,3640,2311
758
3659,2311,3653,2311,3653,2305
3659,2305,3659,2311,3653,2305
3653,2305,3659,2305,3653,2305
3653,2305,3653,2305,3653,2305
519
3665,2299,3659,2299,3659,2287
3665,2287,3665,2299,3659,2287
3659,2287,3665,2287,3659,2287
3659,2287,3659,2287,3659,2287
519
3671,2287,3665,2287,3665,2281
3671,2281,3671,2287,3665,2281
3665,2281,3671,2281,3665,2281
3665,2281,3665,2281,3665,2281
519
3677,2281,3671,2281,3671,2275
3677,2275,3677,2281,3671,2275
3671,2275,3677,2275,3671,2275
3671,2275,3671,2275,3671,2275
758
3707,2263,3695,2263,3695,2257
3707,2257,3707,2263,3695,2257
3695,2257,3707,2257,3695,2257
3695,2257,3695,2257,3695,2257
758
3695,2269,3689,2269,3689,2263
3695,2263,3695,2269,3689,2263
3689,2263,3695,2263,3689,2263
3689,2263,3689,2263,3689,2263
758
3719,2245,3713,2245,3713,2239
3719,2239,3719,2245,3713,2239
3713,2239,3719,2239,3713,2239
3713,2239,3713,2239,3713,2239
519
3731,2233,3725,2233,3725,2227
3731,2227,3731,2233,3725,2227
3725,2227,3731,2227,3725,2227
3725,2227,3725,2227,3725,2227
758
3780,2190,3768,2190,3768,2184
3780,2184,3780,2190,3768,2184
3768,2184,3780,2184,3768,2184
3768,2184,3768,2184,3768,2184
758
3804,2184,3780,2184,3780,2178
3804,2178,3804,2184,3780,2178
3780,2178,3804,2178,3780,2178
3780,2178,3780,2178,3780,2178
761
3422,2536,3398,2487,3398,2481
3428,2536,3422,2536,3398,2481
4096,2512,3428,2536,3398,2481
4096,2275,4096,2512,3398,2481
3464,2427,4096,2275,3398,2481
3458,2427,3464,2427,3398,2481
3398,2481,3458,2427,3398,2481
3398,2481,3398,2481,3398,2481
250
3555,2821,2900,2845,2839,2627
3422,2536,3428,2536,3555,2821
3149,2591,3422,2536,3555,2821
3143,2591,3149,2591,3555,2821
3143,2597,3143,2591,3555,2821
3137,2597,3143,2597,3555,2821
3119,2597,3137,2597,3555,2821
3112,2597,3119,2597,3555,2821
3076,2597,3112,2597,3555,2821
3064,2597,3076,2597,3555,2821
3021,2603,3064,2597,3555,2821
3003,2603,3021,2603,3555,2821
3003,2615,3003,2603,3555,2821
2991,2621,3003,2615,3555,2821
2973,2615,2991,2615,2991,2621
2973,2621,2973,2615,2991,2621
2936,2615,2949,2615,2973,2621
2924,2615,2936,2615,2973,2621
2924,2621,2924,2615,2973,2621
2912,2615,2918,2615,2918,2621
2912,2621,2912,2615,2918,2621
2852,2627,2852,2621,2912,2621
3555,2821,2839,2627,2852,2627
2991,2621,3555,2821,2852,2627
2973,2621,2991,2621,2852,2627
2924,2621,2973,2621,2852,2627
2918,2621,2924,2621,2852,2627
2912,2621,2918,2621,2852,2627
2852,2627,2912,2621,2852,2627
2852,2627,2852,2627,2852,2627
251
3653,3070,2936,2955,2900,2845
3555,2821,3653,3070,2900,2845
2900,2845,3555,2821,2900,2845
2900,2845,2900,2845,2900,2845
250
3076,3798,3070,3798,2936,2955
4041,3974,3076,3798,2936,2955
3653,3076,3659,3076,4041,3974
3653,3076,3653,3076,4041,3974
2936,2955,3653,3070,3653,3076
4041,3974,2936,2955,3653,3076
249
4096,4096,3100,4096,3076,3798
4083,4059,4096,4059,4096,4096
4077,4047,4083,4047,4083,4059
4071,4035,4077,4035,4077,4047
4065,4029,4071,4029,4071,4035
4059,4023,4065,4023,4065,4029
4004,4023,4059,4023,4065,4029
3962,4017,4004,4017,4004,4023
4035,3986,4041,3998,3968,4004
4047,3974,4041,3986,4035,3986
4041,3974,4047,3974,4035,3986
3076,3798,4041,3974,4035,3986
4083,4059,4096,4096,3076,3798
4077,4047,4083,4059,3076,3798
4065,4029,4071,4035,4077,4047
4004,4023,4065,4029,4077,4047
3962,4017,4004,4023,4077,4047
3076,3798,4035,3986,3968,4004
3962,4017,4077,4047,3076,3798
3968,4004,3962,4017,3076,3798
3076,3798,3968,4004,3076,3798
3076,3798,3076,3798,3076,3798
761
4071,4029,4065,4029,4065,4023
4077,4035,4071,4035,4071,4029
4083,4047,4077,4047,4077,4035
4096,4059,4083,4059,4083,4047
4096,4023,4096,4059,4083,4047
4071,4029,4065,4023,4096,4023
4077,4035,4071,4029,4096,4023
4083,4047,4077,4035,4096,4023
4096,4023,4083,4047,4096,4023
4096,4023,4096,4023,4096,4023
762
4047,3974,4041,3974,3659,3076
4065,3974,4047,3974,3659,3076
4083,3980,4065,3980,4065,3974
4047,3998,4047,3992,4083,3992
4059,4023,4047,3998,4083,3992
4065,4023,4059,4023,4083,3992
4096,4023,4065,4023,4083,3992
4096,3258,4096,4023,4083,3992
4065,3974,3659,3076,4096,3258
4083,3980,4065,3974,4096,3258
4083,3992,4083,3980,4096,3258
4096,3258,4083,3992,4096,3258
4096,3258,4096,3258,4096,3258
763
3659,3076,3653,3076,3653,3070
4096,3258,3659,3076,3653,3070
4096,3052,4096,3258,3653,3070
3555,2821,4096,3052,3653,3070
3653,3070,3555,2821,3653,3070
762
4096,3052,3555,2821,3428,2536
4096,2512,4096,3052,3428,2536
3428,2536,4096,2512,3428,2536
3428,2536,3428,2536,3428,2536
761
4047,3998,4041,3998,4035,3986
4047,3992,4047,3998,4035,3986
4083,3992,4047,3992,4035,3986
4065,3980,4083,3980,4083,3992
4047,3974,4065,3974,4065,3980
4041,3986,4047,3974,4065,3980
4083,3992,4035,3986,4041,3986
4065,3980,4083,3992,4041,3986
4041,3986,4065,3980,4041,3986
4041,3986,4041,3986,4041,3986
250
4004,4017,3962,4017,3968,4004
4059,4023,4004,4023,4004,4017
4047,3998,4059,4023,4004,4017
4041,3998,4047,3998,4004,4017
3968,4004,4041,3998,4004,4017
4004,4017,3968,4004,4004,4017
251
763
2578,2876,2578,2864,2900,2845
2936,2955,2578,2876,2900,2845
2900,2845,2936,2955,2900,2845
2900,2845,2900,2845,2900,2845
249
2912,2621,2852,2621,2852,2615
2912,2615,2912,2621,2852,2615
2894,2609,2912,2615,2852,2615
2876,2597,2894,2591,2894,2609
2876,2603,2876,2597,2894,2609
2852,2615,2876,2603,2894,2609
2894,2609,2852,2615,2894,2609
249
2949,2615,2936,2615,2936,2603
2949,2609,2949,2615,2936,2603
2949,2603,2949,2609,2936,2603
2936,2603,2949,2603,2936,2603
2936,2603,2936,2603,2936,2603
10
2973,2621,2949,2615,2949,2609
2973,2615,2973,2621,2949,2609
2991,2615,2973,2615,2949,2609
3003,2615,2991,2621,2991,2615
3003,2603,3003,2615,2991,2615
2949,2609,3003,2603,2991,2615
2991,2615,2949,2609,2991,2615
249
3046,2591,3064,2591,3064,2597
3046,2597,3046,2591,3064,2597
3028,2591,3034,2591,3034,2597
3028,2597,3028,2591,3034,2597
3021,2603,3021,2597,3028,2597
3046,2597,3064,2597,3021,2603
3034,2597,3046,2597,3021,2603
3028,2597,3034,2597,3021,2603
3021,2603,3028,2597,3021,2603
249
3422,2536,3149,2591,3167,2566
3398,2487,3422,2536,3167,2566
3282,2518,3398,2487,3167,2566
3167,2566,3282,2518,3167,2566
3167,2566,3167,2566,3167,2566
521
3398,2481,3349,2439,3349,2433
3458,2427,3398,2481,3349,2433
3349,2433,3458,2427,3349,2433
3349,2433,3349,2433,3349,2433
10
3143,2597,3137,2597,3137,2591
3143,2591,3143,2597,3137,2591
3137,2591,3143,2591,3137,2591
3137,2591,3137,2591,3137,2591
249
3137,2597,3119,2597,3119,2591
3137,2591,3137,2597,3119,2591
3119,2591,3137,2591,3119,2591
3119,2591,3119,2591,3119,2591
249
3112,2597,3076,2597,3076,2591
3112,2591,3112,2597,3076,2591
3076,2591,3112,2591,3076,2591
3076,2591,3076,2591,3076,2591
10
2924,2621,2918,2621,2918,2615
2924,2615,2924,2621,2918,2615
2918,2615,2924,2615,2918,2615
2918,2615,2918,2615,2918,2615
249
2833,2627,2833,2621,2833,2615
2839,2627,2833,2627,2833,2615
2852,2621,2852,2627,2839,2627
2839,2621,2852,2621,2839,2627
2839,2615,2839,2621,2839,2627
2833,2615,2839,2615,2839,2627
2839,2627,2833,2615,2839,2627
761
2530,2585,2512,2572,2512,2566
2542,2585,2530,2585,2512,2566
2821,2591,2833,2615,2833,2621
2761,2597,2821,2591,2833,2621
2651,2591,2761,2597,2833,2621
2651,2597,2651,2591,2833,2621
2512,2566,2627,2566,2627,2591
2542,2585,2512,2566,2627,2591
2651,2597,2833,2621,2542,2585
2627,2591,2651,2597,2542,2585
2542,2585,2627,2591,2542,2585
520
2311,2475,2305,2475,2305,2469
2311,2469,2311,2475,2305,2469
2305,2469,2311,2469,2305,2469
2305,2469,2305,2469,2305,2469
760
2305,2475,2287,2475,2287,2469
2305,2469,2305,2475,2287,2469
2287,2469,2305,2469,2287,2469
2287,2469,2287,2469,2287,2469
762
250
2330,3355,2324,3355,2324,3349
2330,3349,2330,3355,2324,3349
2324,3349,2330,3349,2324,3349
2324,3349,2324,3349,2324,3349
249
467,2500,455,2500,455,2494
479,2469,485,2469,485,2487
479,2481,479,2469,485,2487
467,2481,479,2481,485,2487
467,2487,467,2481,485,2487
461,2487,467,2487,485,2487
461,2494,461,2487,485,2487
467,2500,455,2494,461,2494
467,2494,467,2500,461,2494
485,2487,467,2494,461,2494
461,2494,485,2487,461,2494
461,2494,461,2494,461,2494
10
442,2512,436,2512,436,2500
442,2500,442,2512,436,2500
436,2500,442,2500,436,2500
436,2500,436,2500,436,2500
8
358,2469,351,2469,351,2463
358,2463,358,2469,351,2463
351,2463,358,2463,351,2463
351,2463,351,2463,351,2463
250
248
2196,2469,2172,2469,2172,2463
2196,2463,2196,2469,2172,2463
2172,2463,2196,2463,2172,2463
2172,2463,2172,2463,2172,2463
247
1231,2402,1213,2402,1213,2396
1225,2396,1231,2396,1231,2402
1213,2396,1225,2396,1231,2402
1231,2402,1213,2396,1231,2402
240
1231,2396,1225,2396,1225,2390
1231,2390,1231,2396,1225,2390
1225,2390,1231,2390,1225,2390
1225,2390,1225,2390,1225,2390
4
2166,2360,2160,2360,2160,2348
2184,2372,2166,2372,2166,2360
2190,2372,2184,2372,2166,2360
2190,2354,2190,2372,2166,2360
2190,2348,2190,2354,2166,2360
2160,2348,2190,2348,2166,2360
2166,2360,2160,2348,2166,2360
244
1438,2336,1116,2354,1407,2324
1644,2342,1438,2336,1407,2324
1723,2378,1644,2348,1644,2342
2166,2372,2020,2384,1723,2378
2160,2360,2166,2360,2166,2372
2154,2348,2160,2348,2160,2360
2111,2360,2154,2348,2160,2360
2111,2366,2111,2360,2160,2360
1917,2360,1966,2348,2063,2366
1917,2366,1917,2360,2063,2366
1832,2372,1832,2366,1917,2366
1765,2366,1771,2366,1771,2372
1723,2366,1765,2366,1771,2372
1498,2330,1680,2330,1680,2336
1407,2324,1407,2318,1498,2330
1644,2342,1407,2324,1498,2330
2111,2366,2160,2360,2166,2372
2063,2366,2111,2366,2166,2372
1917,2366,2063,2366,2166,2372
1832,2372,1917,2366,2166,2372
1771,2372,1832,2372,2166,2372
1644,2342,1498,2330,1680,2336
1723,2378,1644,2342,1680,2336
1771,2372,2166,2372,1723,2378
1723,2366,1771,2372,1723,2378
1680,2336,1723,2366,1723,2378
1723,2378,1680,2336,1723,2378
242
697,2311,685,2311,685,2305
703,2318,697,2318,697,2311
734,2324,703,2324,703,2318
709,2318,734,2318,734,2324
716,2293,716,2305,709,2305
709,2299,709,2293,716,2293
697,2305,697,2299,709,2299
697,2311,685,2305,697,2305
703,2318,697,2311,697,2305
709,2318,734,2324,703,2318
709,2305,709,2318,703,2318
716,2293,709,2305,703,2318
709,2299,716,2293,703,2318
697,2305,709,2299,703,2318
703,2318,697,2305,703,2318
2
685,2305,679,2305,679,2299
697,2305,685,2305,679,2299
697,2299,697,2305,679,2299
679,2299,697,2299,679,2299
679,2299,679,2299,679,2299
243
716,2336,667,2336,667,2330
776,2324,776,2330,716,2330
764,2324,776,2324,716,2330
758,2324,764,2324,716,2330
734,2324,758,2324,716,2330
703,2324,734,2324,716,2330
685,2324,703,2324,716,2330
685,2330,685,2324,716,2330
716,2336,667,2330,673,2330
685,2330,716,2330,716,2336
673,2330,685,2330,716,2336
716,2336,673,2330,716,2336
244
764,2348,649,2354,661,2336
764,2342,764,2348,661,2336
964,2342,892,2342,837,2330
958,2336,964,2336,964,2342
922,2336,958,2336,964,2342
831,2318,922,2330,922,2336
831,2324,831,2318,922,2336
776,2324,831,2324,922,2336
716,2336,716,2330,776,2330
764,2342,661,2336,667,2336
922,2336,964,2342,837,2330
776,2324,922,2336,837,2330
776,2330,776,2324,837,2330
716,2336,776,2330,837,2330
764,2342,667,2336,716,2336
837,2330,764,2342,716,2336
716,2336,837,2330,716,2336
716,2336,716,2336,716,2336
243
831,2324,776,2324,776,2318
958,2336,922,2336,922,2330
958,2330,958,2336,922,2330
916,2324,958,2330,922,2330
910,2324,916,2324,922,2330
873,2305,910,2318,910,2324
867,2305,873,2305,910,2324
867,2293,867,2299,867,2305
855,2293,867,2293,867,2305
849,2293,855,2293,867,2305
825,2287,849,2287,849,2293
825,2299,825,2287,849,2293
837,2299,825,2299,849,2293
843,2299,837,2299,849,2293
843,2311,843,2299,849,2293
819,2311,837,2311,843,2311
819,2318,819,2311,843,2311
831,2324,776,2318,800,2318
910,2324,922,2330,831,2318
867,2305,910,2324,831,2318
843,2311,849,2293,867,2305
819,2318,843,2311,867,2305
831,2324,800,2318,819,2318
831,2318,831,2324,819,2318
867,2305,831,2318,819,2318
819,2318,867,2305,819,2318
819,2318,819,2318,819,2318
4
661,2336,649,2354,376,2366
546,2348,546,2342,661,2336
473,2348,473,2342,546,2348
418,2348,473,2348,546,2348
418,2354,418,2348,546,2348
376,2354,382,2354,418,2354
376,2366,376,2354,418,2354
546,2348,661,2336,376,2366
418,2354,546,2348,376,2366
376,2366,418,2354,376,2366
3
418,2354,382,2354,382,2348
473,2342,473,2348,418,2348
546,2342,546,2348,473,2342
661,2336,546,2342,473,2342
667,2330,667,2336,661,2336
661,2330,667,2330,661,2336
643,2330,661,2330,661,2336
643,2336,643,2330,661,2336
467,2342,467,2336,576,2336
412,2348,412,2342,455,2342
418,2354,382,2348,400,2348
643,2336,661,2336,473,2342
618,2336,643,2336,473,2342
600,2336,618,2336,473,2342
576,2336,600,2336,473,2342
467,2342,576,2336,473,2342
455,2342,467,2342,473,2342
412,2348,455,2342,473,2342
418,2354,400,2348,412,2348
418,2348,418,2354,412,2348
473,2342,418,2348,412,2348
412,2348,473,2342,412,2348
412,2348,412,2348,412,2348
2
643,2336,618,2336,618,2330
643,2324,643,2330,643,2336
631,2324,643,2324,643,2336
631,2330,631,2324,643,2336
618,2330,631,2330,643,2336
643,2336,618,2330,643,2336
240
685,2324,679,2324,679,2318
703,2324,685,2324,679,2318
697,2318,703,2318,703,2324
685,2311,697,2311,697,2318
685,2318,685,2311,697,2318
679,2318,685,2318,697,2318
703,2324,679,2318,697,2318
242
685,2330,673,2330,673,2324
679,2324,685,2324,685,2330
673,2324,679,2324,685,2330
685,2330,673,2324,685,2330
2
709,2299,697,2299,697,2293
703,2293,709,2293,709,2299
697,2293,703,2293,709,2299
709,2299,697,2293,709,2299
242
764,2324,758,2324,758,2318
764,2318,764,2324,758,2318
758,2318,764,2318,758,2318
758,2318,758,2318,758,2318
242
843,2311,837,2311,837,2299
843,2299,843,2311,837,2299
837,2299,843,2299,837,2299
837,2299,837,2299,837,2299
242
819,2318,800,2318,800,2311
819,2311,819,2318,800,2311
800,2311,819,2311,800,2311
800,2311,800,2311,800,2311
242
825,2299,819,2299,819,2287
825,2287,825,2299,819,2287
819,2287,825,2287,819,2287
819,2287,819,2287,819,2287
242
855,2293,849,2293,849,2287
855,2287,855,2293,849,2287
849,2287,855,2287,849,2287
849,2287,849,2287,849,2287
242
873,2305,867,2305,867,2299
873,2299,873,2305,867,2299
867,2299,873,2299,867,2299
867,2299,867,2299,867,2299
242
916,2324,910,2324,910,2318
916,2318,916,2324,910,2318
910,2318,916,2318,910,2318
910,2318,910,2318,910,2318
242
964,2336,958,2336,958,2330
964,2330,964,2336,958,2330
958,2330,964,2330,958,2330
958,2330,958,2330,958,2330
243
983,2342,964,2342,964,2336
989,2342,983,2342,964,2336
989,2336,989,2342,964,2336
964,2336,989,2336,964,2336
964,2336,964,2336,964,2336
242
1104,2348,1092,2348,1092,2342
1110,2324,1110,2342,1104,2342
1104,2336,1104,2324,1110,2324
1098,2342,1098,2336,1104,2336
1104,2348,1092,2342,1098,2342
1104,2342,1104,2348,1098,2342
1104,2336,1110,2324,1104,2342
1098,2342,1104,2336,1104,2342
1104,2342,1098,2342,1104,2342
242
1183,2287,1171,2287,1171,2281
1207,2305,1189,2305,1189,2299
1207,2293,1207,2305,1189,2299
1195,2293,1207,2293,1189,2299
1195,2287,1195,2293,1189,2299
1183,2287,1171,2281,1195,2287
1189,2299,1183,2287,1195,2287
1195,2287,1189,2299,1195,2287
1195,2287,1195,2287,1195,2287
242
1941,2348,1929,2348,1929,2330
1935,2324,1941,2324,1941,2348
1935,2330,1935,2324,1941,2348
1929,2330,1935,2330,1941,2348
1941,2348,1929,2330,1941,2348
244
242
1432,2263,1426,2263,1426,2257
1432,2257,1432,2263,1426,2257
1426,2257,1432,2257,1426,2257
1426,2257,1426,2257,1426,2257
243
1450,2269,1426,2269,1426,2263
1462,2275,1450,2275,1450,2269
1462,2263,1462,2275,1450,2269
1468,2257,1468,2263,1462,2263
1462,2257,1468,2257,1462,2263
1462,2251,1462,2257,1462,2263
1444,2251,1462,2251,1462,2263
1444,2257,1444,2251,1462,2263
1432,2257,1444,2257,1462,2263
1432,2263,1432,2257,1462,2263
1426,2263,1432,2263,1462,2263
1450,2269,1426,2263,1462,2263
242
1468,2257,1462,2257,1462,2251
1462,2275,1462,2263,1468,2263
1474,2275,1462,2275,1468,2263
1474,2263,1474,2275,1468,2263
1480,2263,1474,2263,1468,2263
1480,2257,1480,2263,1468,2263
1480,2251,1480,2257,1468,2263
1468,2257,1462,2251,1480,2251
1468,2263,1468,2257,1480,2251
1480,2251,1468,2263,1480,2251
1480,2251,1480,2251,1480,2251
242
1426,2269,1419,2269,1419,2263
1426,2263,1426,2269,1419,2263
1419,2263,1426,2263,1419,2263
1419,2263,1419,2263,1419,2263
242
2051,2330,2032,2330,2032,2318
2044,2324,2051,2324,2051,2330
2032,2318,2044,2318,2044,2324
2051,2330,2032,2318,2044,2324
243
1486,2257,1480,2257,1480,2251
1486,2251,1486,2257,1480,2251
1480,2251,1486,2251,1480,2251
1480,2251,1480,2251,1480,2251
242
1456,2305,1444,2305,1444,2299
1462,2293,1462,2299,1456,2299
1450,2293,1462,2293,1456,2299
1450,2299,1450,2293,1456,2299
1444,2299,1450,2299,1456,2299
1456,2305,1444,2299,1456,2299
242
1492,2257,1486,2257,1486,2251
1492,2251,1492,2257,1486,2251
1486,2251,1492,2251,1486,2251
1486,2251,1486,2251,1486,2251
242
2008,2311,2002,2311,2002,2305
2008,2305,2008,2311,2002,2305
2002,2305,2008,2305,2002,2305
2002,2305,2002,2305,2002,2305
242
1978,2305,1972,2305,1972,2299
1978,2299,1978,2305,1972,2299
1972,2299,1978,2299,1972,2299
1972,2299,1972,2299,1972,2299
242
1972,2311,1966,2311,1966,2305
1972,2305,1972,2311,1966,2305
1966,2305,1972,2305,1966,2305
1966,2305,1966,2305,1966,2305
242
1966,2318,1960,2318,1960,2311
1966,2311,1966,2318,1960,2311
1960,2311,1966,2311,1960,2311
1960,2311,1960,2311,1960,2311
242
1960,2324,1953,2324,1953,2318
1960,2318,1960,2324,1953,2318
1953,2318,1960,2318,1953,2318
1953,2318,1953,2318,1953,2318
243
1917,2366,1832,2366,1832,2360
1905,2360,1917,2360,1917,2366
1893,2354,1905,2354,1905,2360
1893,2360,1893,2354,1905,2360
1832,2360,1893,2360,1905,2360
1917,2366,1832,2360,1905,2360
244
1729,2311,1686,2311,1686,2305
1699,2305,1729,2305,1729,2311
1686,2305,1699,2305,1729,2311
1729,2311,1686,2305,1729,2311
243
1832,2372,1771,2372,1771,2366
1802,2360,1832,2366,1832,2372
1802,2366,1802,2360,1832,2372
1796,2366,1802,2366,1832,2372
1771,2366,1796,2360,1796,2366
1832,2372,1771,2366,1796,2366
242
1723,2348,1711,2348,1711,2330
1717,2336,1723,2336,1723,2348
1711,2330,1717,2330,1717,2336
1723,2348,1711,2330,1717,2336
242
1802,2366,1796,2366,1796,2360
1802,2360,1802,2366,1796,2360
1796,2360,1802,2360,1796,2360
1796,2360,1796,2360,1796,2360
242
1729,2299,1717,2299,1717,2293
1729,2293,1729,2299,1717,2293
1717,2293,1729,2293,1717,2293
1717,2293,1717,2293,1717,2293
242
1735,2354,1723,2354,1723,2348
1735,2348,1735,2354,1723,2348
1723,2348,1735,2348,1723,2348
1723,2348,1723,2348,1723,2348
242
1747,2305,1735,2305,1735,2299
1747,2299,1747,2305,1735,2299
1735,2299,1747,2299,1735,2299
1735,2299,1735,2299,1735,2299
241
1735,2299,1729,2299,1729,2293
1735,2293,1735,2299,1729,2293
1729,2293,1735,2293,1729,2293
1729,2293,1729,2293,1729,2293
242
1583,2324,1571,2324,1571,2318
1583,2318,1583,2324,1571,2318
1571,2318,1583,2318,1571,2318
1571,2318,1571,2318,1571,2318
242
1535,2324,1504,2324,1504,2318
1535,2318,1535,2324,1504,2318
1504,2318,1535,2318,1504,2318
1504,2318,1504,2318,1504,2318
242
1510,2311,1504,2311,1504,2293
1510,2293,1510,2311,1504,2293
1504,2293,1510,2293,1504,2293
1504,2293,1504,2293,1504,2293
244
242
1383,2311,1353,2311,1353,2305
1383,2305,1383,2311,1353,2305
1353,2305,1383,2305,1353,2305
1353,2305,1353,2305,1353,2305
242
1256,2311,1225,2311,1225,2305
1256,2305,1256,2311,1225,2305
1225,2305,1256,2305,1225,2305
1225,2305,1225,2305,1225,2305
242
1183,2305,1171,2305,1171,2299
1183,2299,1183,2305,1171,2299
1171,2299,1183,2299,1171,2299
1171,2299,1171,2299,1171,2299
242
1165,2311,1146,2311,1146,2305
1165,2305,1165,2311,1146,2305
1146,2305,1165,2305,1146,2305
1146,2305,1146,2305,1146,2305
242
1134,2318,1122,2318,1122,2311
1134,2311,1134,2318,1122,2311
1122,2311,1134,2311,1122,2311
1122,2311,1122,2311,1122,2311
242
1116,2324,1110,2324,1110,2318
1116,2318,1116,2324,1110,2318
1110,2318,1116,2318,1110,2318
1110,2318,1110,2318,1110,2318
5
2190,2378,2184,2378,2184,2372
2190,2372,2190,2378,2184,2372
2184,2372,2190,2372,2184,2372
2184,2372,2184,2372,2184,2372
244
1116,2360,1104,2360,1104,2354
1116,2354,1116,2360,1104,2354
1104,2354,1116,2354,1104,2354
1104,2354,1104,2354,1104,2354
244
1104,2354,1067,2354,1067,2348
1092,2348,1104,2348,1104,2354
1067,2348,1092,2348,1104,2354
1104,2354,1067,2348,1104,2354
244
1013,2348,983,2348,983,2342
989,2342,1013,2342,1013,2348
983,2342,989,2342,1013,2348
1013,2348,983,2342,1013,2348
771
24,2421,6,2421,6,2415
42,2409,42,2415,24,2415
66,2396,66,2402,42,2409
84,2390,84,2396,66,2396
121,2384,121,2390,84,2390
78,2384,121,2384,84,2390
78,2390,78,2384,84,2390
60,2390,78,2390,84,2390
60,2396,60,2390,84,2390
48,2402,48,2396,54,2396
36,2409,36,2402,48,2402
18,2415,18,2409,36,2409
24,2421,6,2415,18,2415
24,2415,24,2421,18,2415
42,2409,24,2415,18,2415
60,2396,84,2390,66,2396
54,2396,60,2396,66,2396
48,2402,54,2396,66,2396
36,2409,48,2402,66,2396
42,2409,18,2415,36,2409
66,2396,42,2409,36,2409
36,2409,66,2396,36,2409
36,2409,36,2409,36,2409
771
382,2311,376,2311,376,2299
382,2305,382,2311,376,2299
388,2305,382,2305,376,2299
388,2299,388,2305,376,2299
376,2299,388,2299,376,2299
376,2299,376,2299,376,2299
3
382,2318,382,2311,382,2305
406,2318,382,2318,382,2305
406,2311,406,2318,382,2305
412,2311,406,2311,382,2305
394,2305,412,2305,412,2311
388,2299,394,2299,394,2305
388,2305,388,2299,394,2305
382,2305,388,2305,394,2305
412,2311,382,2305,394,2305
771
279,2330,242,2330,242,2324
291,2311,291,2324,279,2324
279,2318,279,2311,291,2311
254,2324,254,2318,279,2318
279,2330,242,2324,254,2324
279,2324,279,2330,254,2324
279,2318,291,2311,279,2324
254,2324,279,2318,279,2324
279,2324,254,2324,279,2324
771
109,2293,97,2293,97,2281
115,2299,109,2299,109,2293
115,2293,115,2299,109,2293
127,2293,115,2293,109,2293
127,2281,127,2293,109,2293
97,2281,127,2281,109,2293
109,2293,97,2281,109,2293
770
103,2299,97,2299,97,2293
109,2305,103,2305,103,2299
109,2299,109,2305,103,2299
109,2293,109,2299,103,2299
97,2293,109,2293,103,2299
103,2299,97,2293,103,2299
770
97,2293,91,2293,91,2281
97,2281,97,2293,91,2281
91,2281,97,2281,91,2281
91,2281,91,2281,91,2281
769
12,2409,6,2409,6,2402
12,2402,12,2409,6,2402
6,2402,12,2402,6,2402
6,2402,6,2402,6,2402
770
18,2415,6,2415,6,2409
36,2402,36,2409,18,2409
48,2396,48,2402,36,2402
30,2396,48,2396,36,2402
30,2402,30,2396,36,2402
12,2409,12,2402,24,2402
18,2415,6,2409,12,2409
18,2409,18,2415,12,2409
36,2402,18,2409,12,2409
30,2402,36,2402,12,2409
24,2402,30,2402,12,2409
12,2409,24,2402,12,2409
12,2409,12,2409,12,2409
769
30,2402,24,2402,24,2396
30,2396,30,2402,24,2396
24,2396,30,2396,24,2396
24,2396,24,2396,24,2396
771
182,2378,151,2378,151,2372
218,2366,218,2372,182,2372
175,2366,218,2366,182,2372
175,2372,175,2366,182,2372
151,2372,175,2372,182,2372
182,2378,151,2372,182,2372
770
60,2396,54,2396,54,2390
60,2390,60,2396,54,2390
54,2390,60,2390,54,2390
54,2390,54,2390,54,2390
770
6,2421,0,2421,0,2415
6,2415,6,2421,0,2415
0,2415,6,2415,0,2415
0,2415,0,2415,0,2415
771
6,2427,0,2427,0,2421
6,2421,6,2427,0,2421
0,2421,6,2421,0,2421
0,2421,0,2421,0,2421
771
151,2384,127,2384,127,2378
151,2378,151,2384,127,2378
127,2378,151,2378,127,2378
127,2378,127,2378,127,2378
771
297,2366,218,2366,218,2360
297,2360,297,2366,218,2360
218,2360,297,2360,218,2360
218,2360,218,2360,218,2360
2
412,2348,400,2348,400,2342
412,2342,412,2348,400,2342
400,2342,412,2342,400,2342
400,2342,400,2342,400,2342
2
412,2318,406,2318,406,2311
412,2311,412,2318,406,2311
406,2311,412,2311,406,2311
406,2311,406,2311,406,2311
2
412,2305,394,2305,394,2299
412,2299,412,2305,394,2299
394,2299,412,2299,394,2299
394,2299,394,2299,394,2299
2
418,2311,412,2311,412,2305
418,2305,418,2311,412,2305
412,2305,418,2305,412,2305
412,2305,412,2305,412,2305
2
467,2342,455,2342,455,2336
467,2336,467,2342,455,2336
455,2336,467,2336,455,2336
455,2336,455,2336,455,2336
2
600,2336,576,2336,576,2330
600,2330,600,2336,576,2330
576,2330,600,2330,576,2330
576,2330,576,2330,576,2330
2
667,2330,661,2330,661,2324
673,2330,667,2330,661,2324
673,2324,673,2330,661,2324
661,2324,673,2324,661,2324
661,2324,661,2324,661,2324
3
697,2299,679,2299,679,2293
697,2293,697,2299,679,2293
679,2293,697,2293,679,2293
679,2293,679,2293,679,2293
2
2148,2342,2142,2342,2142,2336
2148,2336,2148,2342,2142,2336
2142,2336,2148,2336,2142,2336
2142,2336,2142,2336,2142,2336
515
2202,2336,2196,2336,2196,2318
2202,2330,2202,2336,2196,2318
2208,2330,2202,2330,2196,2318
2208,2324,2208,2330,2196,2318
2208,2318,2208,2324,2196,2318
2196,2318,2208,2318,2196,2318
2196,2318,2196,2318,2196,2318
514
2202,2342,2196,2342,2196,2336
2208,2348,2202,2348,2202,2342
2208,2336,2208,2348,2202,2342
2220,2324,2220,2336,2208,2336
2208,2330,2208,2324,2220,2324
2202,2336,2202,2330,2208,2330
2202,2342,2196,2336,2202,2336
2208,2336,2202,2342,2202,2336
2220,2324,2208,2336,2202,2336
2208,2330,2220,2324,2202,2336
2202,2336,2208,2330,2202,2336
2202,2336,2202,2336,2202,2336
515
2239,2360,2214,2360,2214,2354
2227,2354,2239,2354,2239,2360
2220,2354,2227,2354,2239,2360
2208,2348,2220,2348,2220,2354
2202,2348,2208,2348,2220,2354
2196,2342,2202,2342,2202,2348
2196,2354,2196,2342,2202,2348
2214,2354,2196,2354,2202,2348
2220,2354,2239,2360,2214,2354
2202,2348,2220,2354,2214,2354
2214,2354,2202,2348,2214,2354
515
2293,2372,2263,2372,2263,2366
2342,2378,2293,2378,2293,2372
2415,2384,2342,2384,2342,2378
2463,2366,2463,2372,2415,2378
2427,2372,2427,2366,2463,2366
2396,2378,2396,2372,2427,2372
2372,2372,2378,2372,2378,2378
2372,2378,2372,2372,2378,2378
2336,2372,2354,2372,2354,2378
2330,2372,2336,2372,2354,2378
2263,2366,2330,2372,2354,2378
2293,2372,2263,2366,2354,2378
2342,2378,2293,2372,2354,2378
2415,2384,2342,2378,2354,2378
2427,2372,2463,2366,2415,2378
2396,2378,2427,2372,2415,2378
2415,2384,2354,2378,2372,2378
2396,2378,2415,2378,2415,2384
2378,2378,2396,2378,2415,2384
2372,2378,2378,2378,2415,2384
2415,2384,2372,2378,2415,2384
515
2512,2360,2487,2360,2487,2354
2536,2348,2536,2354,2512,2354
2506,2348,2536,2348,2512,2354
2506,2354,2506,2348,2512,2354
2487,2354,2506,2354,2512,2354
2512,2360,2487,2354,2512,2354
514
2736,2311,2712,2311,2712,2305
2736,2305,2736,2311,2712,2305
2712,2305,2736,2305,2712,2305
2712,2305,2712,2305,2712,2305
514
2227,2354,2220,2354,2220,2348
2227,2348,2227,2354,2220,2348
2220,2348,2227,2348,2220,2348
2220,2348,2220,2348,2220,2348
515
2263,2366,2239,2366,2239,2360
2263,2360,2263,2366,2239,2360
2239,2360,2263,2360,2239,2360
2239,2360,2239,2360,2239,2360
514
2688,2318,2682,2318,2682,2311
2688,2311,2688,2318,2682,2311
2682,2311,2688,2311,2682,2311
2682,2311,2682,2311,2682,2311
514
2633,2336,2615,2336,2615,2330
2633,2330,2633,2336,2615,2330
2615,2330,2633,2330,2615,2330
2615,2330,2615,2330,2615,2330
514
2609,2342,2603,2342,2603,2336
2609,2336,2609,2342,2603,2336
2603,2336,2609,2336,2603,2336
2603,2336,2603,2336,2603,2336
514
2336,2372,2330,2372,2330,2366
2336,2366,2336,2372,2330,2366
2330,2366,2336,2366,2330,2366
2330,2366,2330,2366,2330,2366
514
2372,2378,2354,2378,2354,2372
2372,2372,2372,2378,2354,2372
2354,2372,2372,2372,2354,2372
2354,2372,2354,2372,2354,2372
514
2396,2378,2378,2378,2378,2372
2396,2372,2396,2378,2378,2372
2378,2372,2396,2372,2378,2372
2378,2372,2378,2372,2378,2372
515
2372,2305,2366,2305,2366,2293
2433,2311,2372,2311,2372,2305
2439,2299,2439,2305,2433,2305
2433,2299,2439,2299,2433,2305
2421,2299,2433,2299,2433,2305
2415,2293,2421,2293,2421,2299
2384,2287,2415,2287,2415,2293
2409,2293,2384,2293,2384,2287
2366,2293,2378,2293,2378,2305
2372,2305,2366,2293,2378,2305
2433,2311,2372,2305,2378,2305
2421,2299,2433,2305,2433,2311
2415,2293,2421,2299,2433,2311
2409,2293,2384,2287,2415,2293
2409,2305,2409,2293,2415,2293
2433,2311,2378,2305,2409,2305
2415,2293,2433,2311,2409,2305
2409,2305,2415,2293,2409,2305
2409,2305,2409,2305,2409,2305
516
2409,2305,2378,2305,2378,2293
2384,2293,2409,2293,2409,2305
2378,2293,2384,2293,2409,2305
2409,2305,2378,2293,2409,2305
514
2421,2293,2415,2293,2415,2287
2433,2299,2421,2299,2421,2293
2427,2293,2433,2293,2433,2299
2415,2287,2427,2287,2427,2293
2421,2293,2415,2287,2427,2293
2433,2299,2421,2293,2427,2293
2427,2293,2433,2299,2427,2293
2427,2293,2427,2293,2427,2293
514
2439,2311,2433,2311,2433,2305
2439,2305,2439,2311,2433,2305
2433,2305,2439,2305,2433,2305
2433,2305,2433,2305,2433,2305
0
2032,685,2026,685,2026,673
2032,673,2032,685,2026,673
2026,673,2032,673,2026,673
2026,673,2026,673,2026,673
0
892,703,885,703,885,691
892,691,892,703,885,691
885,691,892,691,885,691
885,691,885,691,885,691