480
1656,2615,0,2433,0,2227
4096,3537,2706,3756,1656,2615
4096,1365,4096,3537,1656,2615
1486,0,4096,1365,1656,2615
1025,0,1486,0,1656,2615
0,2227,1025,0,1656,2615
1656,2615,0,2227,1656,2615
320
2469,4096,0,4096,0,2433
2706,3756,2469,4096,0,2433
1656,2615,2706,3756,0,2433
0,2433,1656,2615,0,2433
0,2433,0,2433,0,2433
1760
4096,1037,4096,1365,1486,0
3452,0,4096,1037,1486,0
1486,0,3452,0,1486,0
1486,0,1486,0,1486,0
1760
6,1529,0,1529,0,0
6,1529,6,1529,0,0
0,2227,0,1535,6,1535
1025,0,0,2227,6,1535
6,1529,0,0,1025,0
6,1535,6,1529,1025,0
1025,0,6,1535,1025,0
1025,0,1025,0,1025,0
256
4096,4096,2469,4096,2706,3756
4096,3537,4096,4096,2706,3756
2706,3756,4096,3537,2706,3756
2706,3756,2706,3756,2706,3756
323
309,4011,303,4011,303,4004
315,4017,309,4017,309,4011
315,4011,315,4017,309,4011
321,4011,315,4011,309,4011
321,4004,321,4011,309,4011
315,4004,321,4004,309,4011
303,4004,315,4004,309,4011
309,4011,303,4004,309,4011
322
321
321,4004,315,4004,315,3998
321,3998,321,4004,315,3998
315,3998,321,3998,315,3998
315,3998,315,3998,315,3998
322
327,4011,321,4011,321,4004
327,4004,327,4011,321,4004
321,4004,327,4004,321,4004
321,4004,321,4004,321,4004
256
480
4096,0,4096,1037,3452,0
3452,0,4096,0,3452,0
3452,0,3452,0,3452,0
1766
3628,807,3622,807,3622,800
3628,800,3628,807,3622,800
3622,800,3628,800,3622,800
3622,800,3622,800,3622,800
1764
3634,807,3628,807,3628,800
3634,800,3634,807,3628,800
3628,800,3634,800,3628,800
3628,800,3628,800,3628,800
1765
3628,813,3622,813,3622,807
3628,807,3628,813,3622,807
3622,807,3628,807,3622,807
3622,807,3622,807,3622,807
1761
1763
3725,892,3719,892,3719,885
3725,885,3725,892,3719,885
3719,885,3725,885,3719,885
3719,885,3719,885,3719,885
1764
3737,892,3725,892,3725,885
3737,885,3737,892,3725,885
3725,885,3737,885,3725,885
3725,885,3725,885,3725,885
481
484
2791,1614,2785,1614,2785,1601
2791,1601,2791,1614,2785,1601
2785,1601,2791,1601,2785,1601
2785,1601,2785,1601,2785,1601
485
2785,1614,2773,1614,2773,1608
2779,1601,2785,1601,2785,1614
2779,1608,2779,1601,2785,1614
2773,1608,2779,1608,2785,1614
2785,1614,2773,1608,2785,1614
486
2779,1608,2773,1608,2773,1601
2779,1601,2779,1608,2773,1601
2773,1601,2779,1601,2773,1601
2773,1601,2773,1601,2773,1601
484
2779,1601,2773,1601,2773,1595
2785,1601,2779,1601,2773,1595
2785,1595,2785,1601,2773,1595
2773,1595,2785,1595,2773,1595
2773,1595,2773,1595,2773,1595
484
2803,1620,2797,1620,2797,1614
2803,1614,2803,1620,2797,1614
2797,1614,2803,1614,2797,1614
2797,1614,2797,1614,2797,1614
481
2797,1620,2791,1620,2791,1614
2797,1614,2797,1620,2791,1614
2791,1614,2797,1614,2791,1614
2791,1614,2791,1614,2791,1614
483
2773,1601,2767,1601,2767,1595
2773,1595,2773,1601,2767,1595
2767,1595,2773,1595,2767,1595
2767,1595,2767,1595,2767,1595
484
2773,1608,2767,1608,2767,1601
2773,1601,2773,1608,2767,1601
2767,1601,2773,1601,2767,1601
2767,1601,2767,1601,2767,1601
483
484
746,1274,746,1268,746,1262
752,1274,746,1274,746,1262
752,1268,752,1274,746,1262
758,1268,752,1268,746,1262
758,1262,758,1268,746,1262
746,1262,758,1262,746,1262
746,1262,746,1262,746,1262
485
746,1268,740,1268,740,1262
746,1262,746,1268,740,1262
740,1262,746,1262,740,1262
740,1262,740,1262,740,1262
484
734,1268,728,1268,728,1262
740,1268,734,1268,728,1262
734,1262,740,1262,740,1268
728,1262,734,1262,740,1268
740,1268,728,1262,740,1268
483
703,1237,697,1237,697,1231
703,1231,703,1237,697,1231
697,1231,703,1231,697,1231
697,1231,697,1231,697,1231
485
703,1243,697,1243,697,1237
703,1237,703,1243,697,1237
697,1237,703,1237,697,1237
697,1237,697,1237,697,1237
486
697,1243,691,1243,691,1237
697,1237,697,1243,691,1237
691,1237,697,1237,691,1237
691,1237,691,1237,691,1237
485
697,1250,691,1250,691,1243
697,1243,697,1250,691,1243
691,1243,697,1243,691,1243
691,1243,691,1243,691,1243
484
691,1250,685,1250,685,1243
691,1243,691,1250,685,1243
685,1243,691,1243,685,1243
685,1243,685,1243,685,1243
486
685,1250,679,1250,679,1243
685,1243,685,1250,679,1243
679,1243,685,1243,679,1243
679,1243,679,1243,679,1243
487
679,1243,673,1243,673,1237
685,1243,679,1243,673,1237
691,1243,685,1243,673,1237
685,1237,691,1237,691,1243
679,1237,685,1237,691,1243
673,1237,679,1237,691,1243
691,1243,673,1237,691,1243
485
697,1237,691,1237,691,1231
697,1231,697,1237,691,1231
691,1231,697,1231,691,1231
691,1231,691,1231,691,1231
484
764,1274,758,1274,758,1268
764,1268,764,1274,758,1268
758,1268,764,1268,758,1268
758,1268,758,1268,758,1268
486
758,1274,752,1274,752,1268
758,1268,758,1274,752,1268
752,1268,758,1268,752,1268
752,1268,752,1268,752,1268
483
709,1243,703,1243,703,1237
709,1237,709,1243,703,1237
703,1237,709,1237,703,1237
703,1237,703,1237,703,1237
483
740,1262,734,1262,734,1256
740,1256,740,1262,734,1256
734,1256,740,1256,734,1256
734,1256,734,1256,734,1256
481
746,1274,734,1274,734,1268
740,1268,746,1268,746,1274
734,1268,740,1268,746,1274
746,1274,734,1268,746,1274
486
691,1237,685,1237,685,1231
691,1231,691,1237,685,1231
685,1231,691,1231,685,1231
685,1231,685,1231,685,1231
483
697,1231,691,1231,691,1225
697,1225,697,1231,691,1225
691,1225,697,1225,691,1225
691,1225,691,1225,691,1225
485
685,1237,679,1237,679,1231
685,1231,685,1237,679,1231
679,1231,685,1231,679,1231
679,1231,679,1231,679,1231
482
709,1250,703,1250,703,1243
709,1243,709,1250,703,1243
703,1243,709,1243,703,1243
703,1243,703,1243,703,1243
486
679,1237,673,1237,673,1231
679,1231,679,1237,673,1231
673,1231,679,1231,673,1231
673,1231,673,1231,673,1231
484
703,1250,697,1250,697,1243
703,1243,703,1250,697,1243
697,1243,703,1243,697,1243
697,1243,697,1243,697,1243
485
667,1243,667,1237,667,1231
673,1243,667,1243,667,1231
673,1237,673,1243,667,1231
673,1231,673,1237,667,1231
667,1231,673,1231,667,1231
667,1231,667,1231,667,1231
481
697,1256,691,1256,691,1250
697,1250,697,1256,691,1250
691,1250,697,1250,691,1250
691,1250,691,1250,691,1250
482
691,1256,679,1256,679,1250
685,1250,691,1250,691,1256
679,1250,685,1250,691,1256
691,1256,679,1250,691,1256
483
667,1237,661,1237,661,1231
667,1231,667,1237,661,1231
661,1231,667,1231,661,1231
661,1231,661,1231,661,1231
484
679,1250,673,1250,673,1243
679,1243,679,1250,673,1243
673,1243,679,1243,673,1243
673,1243,673,1243,673,1243
482
481
481
1765
6,1535,0,1535,0,1529
6,1529,6,1535,0,1529
0,1529,6,1529,0,1529
0,1529,0,1529,0,1529
1764