240
18,1984,0,1984,0,1626
30,1990,18,1990,18,1984
42,1990,30,1990,18,1984
42,1984,42,1990,18,1984
54,1978,54,1984,42,1984
78,1972,78,1978,54,1978
91,1966,91,1972,78,1972
151,1960,151,1966,103,1966
273,1966,218,1972,206,1960
285,1966,273,1966,206,1960
303,1966,285,1966,206,1960
333,1966,303,1966,206,1960
339,1978,333,1978,333,1966
345,1984,339,1984,339,1978
345,1978,345,1984,339,1978
382,1972,382,1978,345,1978
406,1966,406,1972,382,1972
424,1960,424,1966,406,1966
485,1966,479,1966,479,1960
497,1972,485,1972,485,1966
503,1978,497,1978,497,1972
521,1978,503,1978,497,1972
521,1972,521,1978,497,1972
552,1966,552,1972,540,1972
570,1972,564,1972,564,1966
570,1966,570,1972,564,1966
594,1972,588,1972,588,1966
606,1972,594,1972,588,1966
606,1966,606,1972,588,1966
625,1960,625,1966,606,1966
673,1966,661,1966,661,1960
691,1972,673,1972,673,1966
709,1972,691,1978,691,1972
709,1966,709,1972,691,1972
728,1960,728,1966,716,1966
746,1953,746,1960,740,1960
770,1972,770,1960,776,1960
782,1972,770,1972,776,1960
788,1972,782,1972,776,1960
788,1966,788,1972,776,1960
794,1966,788,1966,776,1960
788,1984,788,1978,794,1978
794,1984,788,1984,794,1978
813,1990,794,1990,794,1984
813,1984,813,1990,794,1984
819,1978,819,1984,813,1984
837,1984,825,1984,825,1978
837,1978,837,1984,825,1978
855,1972,855,1978,837,1978
861,1966,861,1972,855,1972
898,1966,867,1972,867,1966
898,1960,898,1966,867,1966
922,1953,922,1960,898,1960
946,1960,940,1960,940,1953
946,1953,946,1960,940,1953
964,1960,952,1960,952,1953
970,1947,964,1960,952,1953
1031,1929,1001,1947,970,1947
1031,1923,1031,1929,970,1947
1043,1917,1043,1923,1031,1923
1049,1911,1049,1917,1043,1917
1128,1905,1128,1911,1086,1911
1231,1911,1201,1911,1201,1905
1237,1917,1231,1917,1231,1911
1250,1917,1237,1917,1231,1911
1250,1911,1250,1917,1231,1911
1280,1917,1274,1917,1274,1911
1286,1917,1280,1917,1274,1911
1292,1917,1286,1917,1274,1911
1407,1705,1292,1917,1274,1911
1407,1699,1407,1705,1274,1911
1407,1680,1407,1699,1274,1911
1407,1668,1407,1680,1274,1911
849,928,1407,1668,1274,1911
843,928,849,928,1274,1911
0,1626,843,928,1274,1911
42,1984,18,1984,0,1626
54,1978,42,1984,0,1626
78,1972,54,1978,0,1626
91,1966,78,1972,0,1626
103,1966,91,1966,0,1626
151,1960,103,1966,0,1626
188,1960,151,1960,0,1626
206,1960,188,1960,0,1626
333,1966,206,1960,0,1626
345,1978,339,1978,333,1966
382,1972,345,1978,333,1966
406,1966,382,1972,333,1966
424,1960,406,1966,333,1966
497,1972,485,1966,479,1960
521,1972,497,1972,479,1960
540,1972,521,1972,479,1960
552,1966,540,1972,479,1960
564,1966,552,1966,479,1960
570,1966,564,1966,479,1960
588,1966,570,1966,479,1960
606,1966,588,1966,479,1960
625,1960,606,1966,479,1960
691,1972,673,1966,661,1960
709,1966,691,1972,661,1960
716,1966,709,1966,661,1960
728,1960,716,1966,661,1960
746,1953,740,1960,728,1960
794,1966,776,1960,776,1953
794,1984,794,1978,794,1966
813,1984,794,1984,794,1966
819,1978,813,1984,794,1966
825,1978,819,1978,794,1966
837,1978,825,1978,794,1966
855,1972,837,1978,794,1966
861,1966,855,1972,794,1966
898,1960,867,1966,861,1966
922,1953,898,1960,861,1966
970,1947,952,1953,946,1953
1031,1923,970,1947,946,1953
1043,1917,1031,1923,946,1953
1049,1911,1043,1917,946,1953
1128,1905,1086,1911,1061,1911
1250,1911,1231,1911,1201,1905
1274,1911,1250,1911,1201,1905
0,1626,1274,1911,1201,1905
424,1960,333,1966,0,1626
461,1960,424,1960,0,1626
479,1960,461,1960,0,1626
625,1960,479,1960,0,1626
649,1960,625,1960,0,1626
661,1960,649,1960,0,1626
728,1960,661,1960,0,1626
746,1953,728,1960,0,1626
770,1953,746,1953,0,1626
776,1953,770,1953,0,1626
861,1966,794,1966,776,1953
922,1953,861,1966,776,1953
1049,1911,946,1953,940,1953
1128,1905,1061,1911,1049,1911
0,1626,1201,1905,1189,1905
922,1953,776,1953,0,1626
940,1953,922,1953,0,1626
1049,1911,940,1953,0,1626
1128,1905,1049,1911,0,1626
1183,1905,1128,1905,0,1626
1189,1905,1183,1905,0,1626
0,1626,1189,1905,0,1626
0,1626,0,1626,0,1626
2551
1334,2002,1256,2002,1274,1960
1771,2099,1334,2002,1274,1960
1723,2051,1729,2051,1771,2099
1674,2044,1723,2044,1723,2051
1450,1984,1523,1984,1523,1990
1771,2099,1274,1960,1450,1984
1674,2044,1723,2051,1771,2099
1523,1990,1674,2044,1771,2099
1450,1984,1523,1990,1771,2099
1771,2099,1450,1984,1771,2099
2554
2129,4035,91,4035,442,3282
2730,2566,2129,4035,442,3282
2318,2500,2318,2494,2730,2566
2305,2500,2318,2500,2730,2566
2287,2494,2305,2494,2305,2500
1067,2384,2287,2494,2305,2500
1061,2384,1067,2384,2305,2500
740,2852,1061,2384,2305,2500
637,3203,740,2852,2305,2500
2730,2566,442,3282,637,3203
2305,2500,2730,2566,637,3203
637,3203,2305,2500,637,3203
637,3203,637,3203,637,3203
2304
1407,1680,1407,1668,1741,612
1413,1680,1407,1680,1741,612
1413,1699,1413,1680,1741,612
1407,1705,1407,1699,1413,1699
1650,1972,1407,1705,1413,1699
1662,1978,1650,1978,1650,1972
1674,1984,1662,1984,1662,1978
1680,1984,1674,1984,1662,1978
1686,1990,1680,1990,1680,1984
1699,1990,1686,1990,1680,1984
1735,2002,1699,1996,1699,1990
1735,1996,1735,2002,1699,1990
1753,1996,1735,1996,1699,1990
1784,1996,1753,1996,1699,1990
1814,1990,1784,1996,1699,1990
1814,1984,1814,1990,1699,1990
1838,1978,1838,1984,1814,1984
1856,1972,1856,1978,1850,1978
1893,1978,1862,1978,1862,1972
1887,1972,1893,1972,1893,1978
1887,1947,1887,1960,1887,1972
1881,1947,1887,1947,1887,1972
1875,1941,1881,1941,1881,1947
1868,1941,1875,1941,1881,1947
1881,1935,1875,1935,1868,1935
1881,1929,1881,1935,1868,1935
1893,1923,1893,1929,1881,1929
1905,1917,1905,1923,1899,1923
1966,1911,1911,1917,1905,1917
1966,1905,1966,1911,1905,1917
2063,1899,2002,1905,1966,1905
2081,1893,2081,1899,2069,1899
2111,1899,2105,1899,2105,1893
2111,1893,2111,1899,2105,1893
2129,1899,2117,1899,2117,1893
2154,1905,2129,1905,2129,1899
2160,1911,2154,1911,2154,1905
2166,1911,2160,1911,2154,1905
2172,1911,2166,1911,2154,1905
2184,1917,2172,1917,2172,1911
2190,1923,2184,1923,2184,1917
2202,1923,2190,1923,2184,1917
2214,1929,2202,1929,2202,1923
2214,1960,2208,1941,2214,1941
2263,1960,2214,1960,2214,1941
2287,1960,2263,1960,2214,1941
2299,1960,2287,1960,2214,1941
2311,1966,2299,1966,2299,1960
2330,1966,2311,1966,2299,1960
2336,1972,2330,1972,2330,1966
2342,1978,2336,1978,2336,1972
2336,1990,2336,1984,2342,1984
2324,1996,2324,1990,2330,1990
2311,2002,2311,1996,2324,1996
2275,2008,2275,2002,2311,2002
2245,2002,2263,2002,2263,2008
2245,2008,2245,2002,2263,2008
2208,2008,2233,2002,2233,2008
2208,2014,2208,2008,2233,2008
2184,2020,2184,2014,2190,2014
2129,2020,2178,2014,2178,2020
2117,2032,2105,2020,2129,2020
2135,2032,2117,2032,2129,2020
2135,2026,2135,2032,2129,2020
2160,2026,2135,2026,2129,2020
2166,2026,2160,2026,2129,2020
2172,2051,2154,2051,2166,2032
2263,2038,2172,2051,2166,2032
2269,2038,2263,2038,2166,2032
2275,2038,2269,2038,2166,2032
2275,2032,2275,2038,2166,2032
2287,2038,2281,2038,2281,2032
2299,2026,2287,2038,2281,2032
2342,2020,2342,2026,2299,2026
2366,2026,2348,2026,2348,2020
2366,2020,2366,2026,2348,2020
2384,2014,2384,2020,2366,2020
2402,2020,2390,2020,2390,2014
2409,2020,2402,2020,2390,2014
2409,2014,2409,2020,2390,2014
2427,2008,2427,2014,2409,2014
2439,2002,2439,2008,2427,2008
2445,2020,2445,2014,2445,2002
2469,2020,2445,2020,2445,2002
2475,2020,2469,2020,2445,2002
2475,2014,2475,2020,2445,2002
2518,2014,2475,2014,2445,2002
2536,2020,2518,2020,2518,2014
2536,2014,2536,2020,2518,2014
2615,2026,2572,2020,2572,2014
2754,2032,2615,2026,2572,2014
2754,2026,2754,2032,2572,2014
2767,2026,2754,2026,2572,2014
2791,2026,2767,2026,2572,2014
2791,2020,2791,2026,2572,2014
2809,2020,2791,2020,2572,2014
2870,2014,2809,2020,2572,2014
2876,2008,2876,2014,2870,2014
2906,2002,2906,2008,2876,2008
2906,1996,2906,2002,2876,2008
2930,1990,2930,1996,2918,1996
2979,1984,2979,1990,2949,1990
3058,1978,3058,1984,3052,1984
3070,1972,3070,1978,3058,1978
3100,1966,3100,1972,3076,1972
4047,1019,3119,1966,3106,1966
4047,1007,4047,1019,3106,1966
3895,758,4047,1007,3106,1966
3768,612,3895,758,3106,1966
3762,612,3768,612,3106,1966
3240,1165,3762,612,3106,1966
3264,952,3240,1165,3106,1966
3179,515,3264,952,3106,1966
3119,491,3179,515,3106,1966
1747,612,3119,491,3106,1966
1741,612,1747,612,3106,1966
1413,1699,1741,612,3106,1966
1662,1978,1650,1972,1413,1699
1680,1984,1662,1978,1413,1699
1699,1990,1680,1984,1413,1699
1814,1984,1699,1990,1413,1699
1838,1978,1814,1984,1413,1699
1850,1978,1838,1978,1413,1699
1856,1972,1850,1978,1413,1699
1862,1972,1856,1972,1413,1699
1893,1978,1862,1972,1413,1699
1887,1972,1893,1978,1413,1699
1868,1941,1881,1947,1887,1972
1905,1917,1899,1923,1893,1923
2081,1893,2069,1899,2063,1899
2154,1905,2129,1899,2117,1893
2202,1923,2184,1917,2172,1911
2299,1960,2214,1941,2214,1929
2330,1966,2299,1960,2214,1929
2342,1978,2336,1972,2330,1966
2324,1996,2330,1990,2336,1990
2311,2002,2324,1996,2336,1990
2208,2014,2233,2008,2245,2008
2184,2020,2190,2014,2208,2014
2166,2026,2129,2020,2178,2020
2166,2032,2166,2026,2178,2020
2275,2032,2166,2032,2178,2020
2281,2032,2275,2032,2178,2020
2299,2026,2281,2032,2178,2020
2384,2014,2366,2020,2348,2020
2427,2008,2409,2014,2390,2014
2439,2002,2427,2008,2390,2014
2536,2014,2518,2014,2445,2002
2572,2014,2536,2014,2445,2002
2870,2014,2572,2014,2445,2002
2876,2008,2870,2014,2445,2002
2906,1996,2876,2008,2445,2002
2930,1990,2918,1996,2906,1996
2979,1984,2949,1990,2943,1990
3058,1978,3052,1984,2991,1984
3070,1972,3058,1978,2991,1984
3100,1966,3076,1972,3070,1972
1413,1699,3106,1966,3100,1966
1868,1941,1887,1972,1413,1699
1868,1935,1868,1941,1413,1699
1881,1929,1868,1935,1413,1699
1893,1923,1881,1929,1413,1699
1905,1917,1893,1923,1413,1699
1966,1905,1905,1917,1413,1699
2063,1899,1966,1905,1413,1699
2081,1893,2063,1899,1413,1699
2087,1893,2081,1893,1413,1699
2105,1893,2087,1893,1413,1699
2111,1893,2105,1893,1413,1699
2117,1893,2111,1893,1413,1699
2330,1966,2214,1929,2202,1923
2245,2008,2263,2008,2275,2008
2208,2014,2245,2008,2275,2008
2184,2020,2208,2014,2275,2008
2299,2026,2178,2020,2184,2020
2342,2020,2299,2026,2184,2020
2348,2020,2342,2020,2184,2020
2384,2014,2348,2020,2184,2020
2439,2002,2390,2014,2384,2014
2906,1996,2445,2002,2439,2002
2930,1990,2906,1996,2439,2002
2979,1984,2943,1990,2936,1990
3070,1972,2991,1984,2979,1984
3100,1966,3070,1972,2979,1984
1413,1699,3100,1966,2979,1984
2117,1893,1413,1699,2979,1984
2154,1905,2117,1893,2979,1984
2172,1911,2154,1905,2979,1984
2202,1923,2172,1911,2979,1984
2330,1966,2202,1923,2979,1984
2342,1978,2330,1966,2979,1984
2342,1984,2342,1978,2979,1984
2336,1990,2342,1984,2979,1984
2311,2002,2336,1990,2979,1984
2384,2014,2184,2020,2275,2008
2439,2002,2384,2014,2275,2008
2979,1984,2936,1990,2930,1990
2311,2002,2979,1984,2930,1990
2439,2002,2275,2008,2311,2002
2930,1990,2439,2002,2311,2002
2311,2002,2930,1990,2311,2002
2310
2129,2020,2105,2020,1953,1941
2166,1972,2251,1972,2129,2020
1953,1941,2166,1972,2129,2020
2129,2020,1953,1941,2129,2020
2554
4096,4065,3009,4047,3252,3598
4096,3707,4096,4065,3252,3598
3252,3598,4096,3707,3252,3598
3252,3598,3252,3598,3252,3598
1785
3301,3495,3295,3495,3058,3373
3543,3064,3301,3495,3058,3373
3058,3373,3543,3064,3058,3373
3058,3373,3058,3373,3058,3373
0
843,928,0,1626,0,0
849,928,843,928,0,0
1741,612,1407,1668,849,928
752,752,1741,612,849,928
0,0,406,0,752,752
849,928,0,0,752,752
244
12,1990,0,1990,0,1984
30,1996,12,1996,12,1990
18,1990,30,1990,30,1996
0,1984,18,1984,18,1990
12,1990,0,1984,18,1990
30,1996,12,1990,18,1990
18,1990,30,1996,18,1990
18,1990,18,1990,18,1990
245
1280,1935,928,1996,922,1996
1280,1929,1280,1935,922,1996
1280,1923,1280,1929,922,1996
1237,1923,1280,1923,922,1996
1237,1917,1237,1923,922,1996
1231,1917,1237,1917,922,1996
1201,1917,1231,1917,922,1996
1201,1911,1201,1917,922,1996
1189,1911,1201,1911,922,1996
1183,1911,1189,1911,922,1996
1134,1917,1134,1911,1183,1911
1092,1923,1092,1917,1134,1917
1037,1935,1037,1929,1092,1923
1007,1947,1037,1935,1092,1923
1007,1953,1007,1947,1092,1923
879,1996,964,1960,1007,1953
794,1990,813,1990,879,1996
794,1996,794,1990,879,1996
776,1990,788,1990,788,1996
758,1978,776,1984,776,1990
746,1960,758,1966,758,1978
740,1960,746,1960,758,1978
740,1966,740,1960,758,1978
728,1966,740,1966,758,1978
716,1966,728,1966,758,1978
716,1972,716,1966,758,1978
709,1972,716,1972,758,1978
691,1978,709,1972,758,1978
661,1972,667,1972,667,1978
649,1972,661,1972,667,1978
625,1966,649,1966,649,1972
625,1972,625,1966,649,1972
594,1978,594,1972,606,1972
546,1984,546,1978,594,1978
449,1978,461,1978,461,1984
406,1972,449,1972,449,1978
406,1978,406,1972,449,1978
388,1984,388,1978,406,1978
218,1978,309,1978,309,1984
103,1972,218,1972,218,1978
103,1978,103,1972,218,1978
78,1984,78,1978,103,1978
54,1990,54,1984,78,1984
30,1996,30,1990,42,1990
0,1990,12,1990,12,1996
0,2008,0,1990,12,1996
1134,1917,1183,1911,922,1996
1092,1923,1134,1917,922,1996
1007,1953,1092,1923,922,1996
879,1996,1007,1953,922,1996
691,1978,758,1978,776,1990
667,1978,691,1978,776,1990
625,1972,649,1972,667,1978
606,1972,625,1972,667,1978
594,1978,606,1972,667,1978
546,1984,594,1978,667,1978
406,1978,449,1978,461,1984
103,1978,218,1978,309,1984
30,1996,42,1990,54,1990
0,2008,12,1996,30,1996
254,1984,0,2008,30,1996
879,1996,922,1996,485,2002
794,1996,879,1996,485,2002
788,1996,794,1996,485,2002
776,1990,788,1996,485,2002
667,1978,776,1990,485,2002
546,1984,667,1978,485,2002
503,1984,546,1984,485,2002
497,1984,503,1984,485,2002
461,1984,497,1984,485,2002
254,1984,30,1996,54,1990
461,1984,485,2002,436,1984
406,1978,461,1984,436,1984
388,1984,406,1978,436,1984
54,1990,78,1984,103,1978
254,1984,54,1990,103,1978
388,1984,436,1984,351,2002
345,1984,388,1984,351,2002
339,1984,345,1984,351,2002
309,1984,339,1984,351,2002
254,1984,103,1978,309,1984
351,2002,254,1984,309,1984
309,1984,351,2002,309,1984
309,1984,309,1984,309,1984
246
242,2008,0,2032,0,2008
1280,1941,1274,1960,934,2032
1280,1935,1280,1941,934,2032
928,1996,1280,1935,934,2032
922,1996,928,1996,934,2032
485,2002,922,1996,934,2032
351,2002,436,1984,485,2002
0,2008,254,1984,351,2002
242,2008,0,2008,351,2002
934,2032,242,2008,351,2002
485,2002,934,2032,351,2002
351,2002,485,2002,351,2002
351,2002,351,2002,351,2002
247
685,2044,0,2099,0,2032
843,2093,788,2063,800,2063
1243,2008,843,2093,800,2063
1243,2002,1243,2008,800,2063
1256,2002,1250,2002,1243,2002
1274,1960,1256,2002,1243,2002
934,2032,1274,1960,1243,2002
0,2032,242,2008,934,2032
685,2044,0,2032,934,2032
800,2057,685,2044,934,2032
800,2063,800,2057,934,2032
1243,2002,800,2063,934,2032
934,2032,1243,2002,934,2032
934,2032,934,2032,934,2032
2552
1905,2227,1183,2142,1243,2008
1771,2099,1777,2099,1905,2227
1334,2002,1771,2099,1905,2227
1256,2002,1334,2002,1905,2227
1250,2002,1256,2002,1905,2227
1250,2008,1250,2002,1905,2227
1243,2008,1250,2008,1905,2227
1905,2227,1243,2008,1905,2227
248
1177,2148,0,2196,0,2099
1177,2142,1177,2148,0,2099
1183,2142,1177,2142,0,2099
843,2093,1243,2008,1183,2142
685,2044,800,2057,788,2057
0,2099,685,2044,788,2057
843,2093,1183,2142,0,2099
788,2063,843,2093,0,2099
788,2057,788,2063,0,2099
0,2099,788,2057,0,2099
0,2099,0,2099,0,2099
249
1061,2384,0,2360,0,2196
1067,2384,1061,2384,0,2196
1177,2148,1067,2384,0,2196
0,2196,1177,2148,0,2196
0,2196,0,2196,0,2196
2553
2287,2494,1067,2384,1177,2148
1935,2251,1953,2251,2287,2494
1941,2239,1941,2245,1935,2245
1941,2233,1941,2239,1935,2245
1917,2233,1941,2233,1935,2245
1905,2227,1917,2227,1917,2233
1183,2142,1905,2227,1917,2233
1177,2142,1183,2142,1917,2233
1177,2148,1177,2142,1917,2233
1935,2251,2287,2494,1177,2148
1935,2245,1935,2251,1177,2148
1917,2233,1935,2245,1177,2148
1177,2148,1917,2233,1177,2148
1177,2148,1177,2148,1177,2148
2553
2081,4096,54,4096,84,4035
91,4035,2129,4035,2081,4096
84,4035,91,4035,2081,4096
2081,4096,84,4035,2081,4096
1785
2985,4096,2081,4096,2129,4035
3009,4047,2985,4096,2129,4035
2129,4035,3009,4047,2129,4035
2129,4035,2129,4035,2129,4035
1786
3009,4047,2129,4035,2730,2566
3173,3580,3252,3598,3009,4047
3276,3531,3222,3562,3173,3580
3288,3519,3276,3531,3173,3580
3295,3495,3288,3519,3173,3580
3058,3373,3295,3495,3173,3580
3549,3058,3549,3064,3543,3064
3562,3040,3555,3058,3549,3058
3901,2415,3562,3040,3549,3058
3519,2372,3901,2415,3549,3058
3501,2372,3519,2372,3549,3058
3495,2372,3501,2372,3549,3058
2730,2566,3495,2372,3549,3058
3058,3373,3173,3580,3009,4047
3549,3058,3543,3064,3058,3373
2730,2566,3549,3058,3058,3373
3009,4047,2730,2566,3058,3373
1785
3901,2415,3519,2372,3519,2366
4047,2129,3901,2415,3519,2366
3731,2196,3731,2190,4047,2129
3713,2196,3719,2196,3731,2196
3519,2366,3713,2196,3731,2196
4047,2129,3519,2366,3731,2196
1784
4047,2129,3731,2190,3859,2051
4047,2123,4047,2129,3859,2051
4077,2087,4047,2123,3859,2051
4077,2057,4077,2087,3859,2051
4096,2044,4077,2057,3859,2051
4096,2038,4096,2044,3859,2051
3871,2038,3877,2038,4096,2038
3871,2044,3871,2038,4096,2038
3859,2051,3859,2044,3871,2044
4096,2038,3859,2051,3871,2044
1544
3713,2196,2852,2227,2943,2105
3719,2196,3713,2196,2943,2105
3719,2190,3719,2196,2943,2105
3731,2190,3719,2190,2943,2105
3622,2105,3859,2051,3731,2190
3610,2105,3622,2105,3731,2190
2955,2099,3610,2099,3610,2105
2955,2105,2955,2099,3610,2105
3731,2190,2943,2105,2949,2105
2955,2105,3610,2105,3731,2190
2949,2105,2955,2105,3731,2190
3731,2190,2949,2105,3731,2190
1545
3216,2378,2785,2457,2852,2227
3216,2378,3216,2378,2852,2227
3495,2372,3216,2378,2852,2227
3501,2372,3495,2372,2852,2227
3501,2366,3501,2372,2852,2227
3519,2366,3501,2366,2852,2227
3713,2196,3519,2366,2852,2227
2852,2227,3713,2196,2852,2227
2852,2227,2852,2227,2852,2227
1546
3216,2378,3495,2372,2730,2566
2785,2463,2785,2457,3216,2378
2773,2463,2779,2463,2785,2463
2730,2566,2773,2463,2785,2463
3216,2378,2730,2566,2785,2463
2785,2463,3216,2378,2785,2463
2785,2463,2785,2463,2785,2463
2314
2730,2566,2318,2494,2773,2463
2773,2463,2730,2566,2773,2463
2773,2463,2773,2463,2773,2463
2313
2287,2494,1953,2251,1953,2245
2305,2494,2287,2494,1953,2245
2318,2494,2305,2494,1953,2245
2773,2463,2318,2494,1953,2245
2779,2463,2773,2463,1953,2245
2779,2457,2779,2463,1953,2245
2785,2457,2779,2457,1953,2245
2852,2227,2785,2457,1953,2245
1953,2245,2852,2227,1953,2245
1953,2245,1953,2245,1953,2245
2312
1917,2227,1905,2227,1777,2099
1941,2227,1917,2227,1777,2099
1953,2233,1941,2233,1941,2227
1941,2245,1941,2239,1953,2239
1953,2245,1941,2245,1953,2239
2852,2227,1953,2245,1953,2239
2943,2105,2852,2227,1953,2239
1941,2227,1777,2099,1887,2111
1953,2233,1941,2227,1887,2111
2943,2105,1953,2239,1953,2233
1917,2111,2943,2105,1953,2233
1887,2111,1917,2111,1953,2233
1953,2233,1887,2111,1953,2233
2311
1771,2099,1729,2051,1729,2044
1777,2099,1771,2099,1729,2044
1887,2111,1777,2099,1729,2044
1917,2111,1887,2111,1729,2044
2949,2099,2949,2105,2943,2105
2991,2032,2955,2099,2949,2099
2524,2105,2991,2032,2949,2099
1917,2111,1729,2044,2524,2105
2943,2105,1917,2111,2524,2105
2949,2099,2943,2105,2524,2105
2524,2105,2949,2099,2524,2105
2524,2105,2524,2105,2524,2105
2310
1729,2051,1723,2051,1723,2044
1729,2044,1729,2051,1723,2044
2997,2026,2997,2032,2991,2032
3021,2020,3021,2026,3009,2026
3034,2020,3028,2020,3021,2020
3064,1996,3034,2020,3021,2020
2651,2063,3064,1996,3021,2020
2651,2069,2651,2063,3021,2020
1729,2044,1723,2044,1717,2026
2524,2105,1729,2044,1717,2026
2997,2026,2991,2032,2524,2105
3021,2020,3009,2026,2997,2026
2651,2069,3021,2020,2997,2026
2524,2105,1717,2026,2087,2057
2651,2069,2997,2026,2524,2105
2548,2075,2651,2069,2524,2105
2087,2057,2548,2075,2524,2105
2524,2105,2087,2057,2524,2105
2309
1705,2020,1699,2020,1674,1990
1717,2026,1705,2026,1705,2020
2087,2057,1717,2026,1705,2020
2651,2069,2548,2075,2087,2057
2651,2063,2651,2069,2087,2057
3076,1984,3070,1996,3064,1996
3058,1984,3076,1984,3064,1996
3052,1984,3058,1984,3064,1996
3052,1990,3052,1984,3064,1996
2991,1990,3052,1990,3064,1996
2985,1990,2991,1990,3064,1996
2985,1996,2985,1990,3064,1996
2943,2002,2943,1996,2949,1996
2924,2008,2924,2002,2943,2002
2906,2014,2906,2008,2924,2008
2827,2026,2870,2014,2876,2014
2827,2032,2827,2026,2876,2014
2609,2057,2609,2051,2827,2032
2402,2051,2518,2032,2609,2057
2299,2057,2402,2051,2609,2057
2172,2057,2299,2051,2299,2057
2154,2051,2172,2051,2172,2057
2123,2051,2154,2051,2172,2057
2117,2044,2123,2044,2123,2051
2105,2020,2117,2032,2117,2044
1953,1941,2105,2020,2117,2044
2251,1972,2166,1972,1953,1941
2178,2014,2129,2020,2251,1972
2190,2008,2190,2014,2184,2014
2233,2002,2208,2008,2190,2008
2257,1990,2245,2002,2233,2002
2287,1966,2281,1990,2257,1990
2263,1966,2287,1966,2257,1990
2263,1960,2263,1966,2257,1990
1753,1996,1784,1996,1947,2002
1753,2002,1753,1996,1947,2002
1686,1996,1699,1996,1735,2002
1680,1990,1686,1990,1686,1996
1674,1990,1680,1990,1686,1996
1705,2020,1674,1990,1686,1996
2087,2057,1705,2020,1686,1996
2943,2002,2949,1996,2985,1996
2924,2008,2943,2002,2985,1996
2906,2014,2924,2008,2985,1996
2827,2032,2876,2014,2906,2014
1953,1941,2117,2044,2123,2051
2190,2008,2184,2014,2178,2014
2257,1990,2233,2002,2190,2008
1735,2002,1753,2002,1947,2002
2087,2057,1686,1996,1735,2002
2906,2014,2985,1996,3064,1996
2827,2032,2906,2014,3064,1996
2190,2008,2178,2014,2251,1972
2257,1990,2190,2008,2251,1972
2263,1960,2257,1990,2251,1972
2214,1960,2263,1960,2251,1972
2020,1911,2214,1960,2251,1972
2087,2057,1735,2002,1947,2002
2827,2032,3064,1996,2651,2063
2609,2057,2827,2032,2651,2063
2299,2057,2609,2057,2651,2063
2172,2057,2299,2057,2651,2063
2020,1911,2251,1972,1953,1941
1911,1953,2020,1911,1953,1941
1947,2002,1911,1953,1953,1941
2087,2057,1947,2002,1953,1941
2172,2057,2651,2063,2087,2057
2123,2051,2172,2057,2087,2057
1953,1941,2123,2051,2087,2057
2087,2057,1953,1941,2087,2057
2308
3076,1984,3058,1984,3058,1978
3088,1984,3076,1984,3058,1978
3106,1972,3106,1978,3100,1978
3100,1972,3106,1972,3100,1978
3076,1972,3100,1972,3100,1978
3088,1984,3058,1978,3070,1978
3076,1972,3100,1978,3088,1978
3076,1978,3076,1972,3088,1978
3070,1978,3076,1978,3088,1978
3088,1984,3070,1978,3088,1978
1541
3549,2051,3070,1996,3076,1984
3986,1953,3962,1966,3549,2051
3986,1947,3986,1953,3549,2051
3986,1941,3986,1947,3549,2051
3986,1935,3986,1941,3549,2051
3980,1935,3986,1935,3549,2051
3980,1929,3980,1935,3549,2051
3913,1929,3920,1929,3980,1929
3913,1935,3913,1929,3980,1929
3883,1935,3889,1935,3913,1935
3810,1947,3883,1935,3913,1935
3586,2020,3671,1947,3810,1947
3586,2026,3586,2020,3810,1947
3416,2020,3416,2014,3586,2026
3379,2020,3416,2020,3586,2026
3373,2020,3379,2020,3586,2026
3337,2014,3373,2014,3373,2020
3246,1960,3288,1960,3288,1978
3246,1966,3246,1960,3288,1978
3210,1972,3246,1966,3288,1978
3210,1978,3210,1972,3288,1978
3191,1984,3191,1978,3197,1978
3179,1990,3179,1984,3191,1984
3106,1984,3137,1984,3137,1990
3100,1978,3106,1978,3106,1984
3100,1984,3100,1978,3106,1984
3549,2051,3076,1984,3088,1984
3913,1935,3980,1929,3549,2051
3810,1947,3913,1935,3549,2051
3586,2026,3810,1947,3549,2051
3373,2020,3586,2026,3549,2051
3337,2014,3373,2020,3549,2051
3210,1978,3288,1978,3337,2014
3197,1978,3210,1978,3337,2014
3191,1984,3197,1978,3337,2014
3179,1990,3191,1984,3337,2014
3137,1990,3179,1990,3337,2014
3100,1984,3106,1984,3137,1990
3088,1984,3100,1984,3137,1990
3549,2051,3088,1984,3137,1990
3337,2014,3549,2051,3137,1990
3137,1990,3337,2014,3137,1990
3137,1990,3137,1990,3137,1990
1781
3998,1978,3962,1972,3962,1966
4041,1984,3998,1984,3998,1978
4041,1978,4041,1984,3998,1978
4096,1972,4041,1978,3998,1978
4059,1960,4096,1953,4096,1972
4059,1966,4059,1960,4096,1972
4029,1966,4059,1966,4096,1972
4029,1972,4029,1966,4096,1972
3962,1966,3986,1953,4029,1972
3998,1978,3962,1966,4029,1972
4096,1972,3998,1978,4029,1972
4029,1972,4096,1972,4029,1972
4029,1972,4029,1972,4029,1972
1780
4029,1972,3986,1953,3986,1947
4029,1966,4029,1972,3986,1947
4059,1960,4059,1966,4029,1966
4077,1947,4096,1947,4096,1953
4077,1953,4077,1947,4096,1953
4017,1960,4065,1953,4077,1953
4011,1953,4017,1953,4017,1960
4004,1935,4011,1935,4011,1953
3998,1935,4004,1935,4011,1953
3998,1941,3998,1935,4011,1953
3992,1941,3998,1941,4011,1953
3992,1947,3992,1941,4011,1953
3986,1947,3992,1947,4011,1953
4077,1953,4096,1953,4059,1960
4017,1960,4077,1953,4059,1960
3986,1947,4011,1953,4017,1960
4029,1966,3986,1947,4017,1960
4059,1960,4029,1966,4017,1960
4017,1960,4059,1960,4017,1960
4017,1960,4017,1960,4017,1960
1536
3125,1972,3119,1972,3119,1966
3137,1978,3125,1978,3125,1972
3167,1984,3137,1984,3137,1978
3167,1978,3167,1984,3137,1978
3197,1972,3197,1978,3191,1978
3222,1960,3210,1972,3197,1972
3222,1953,3222,1960,3197,1972
3246,1947,3246,1953,3228,1953
3264,1941,3264,1947,3246,1947
3313,1966,3276,1947,3276,1941
3313,1960,3313,1966,3276,1941
3319,1960,3313,1960,3276,1941
3319,1953,3319,1960,3276,1941
3343,1953,3319,1953,3276,1941
3343,1972,3331,1972,3343,1953
3343,1978,3343,1972,3343,1953
3337,1990,3337,1978,3343,1978
3361,1990,3337,1990,3343,1978
3367,1990,3361,1990,3343,1978
3373,2008,3367,1996,3367,1990
3373,2020,3373,2014,3373,2008
3379,2020,3373,2020,3373,2008
3379,2014,3379,2020,3373,2008
3386,2014,3379,2014,3373,2008
3386,2008,3386,2014,3373,2008
3386,2002,3386,2008,3373,2008
3404,2008,3398,2008,3398,2002
3416,2014,3404,2014,3404,2008
3416,2008,3416,2014,3404,2008
3531,2014,3464,2014,3464,2008
3531,2008,3531,2014,3464,2008
3543,2014,3537,2014,3537,2008
3549,2014,3543,2014,3537,2008
3574,2014,3549,2020,3549,2014
3574,2008,3574,2014,3549,2014
3580,2002,3580,2008,3574,2008
3604,1984,3586,2002,3580,2002
3604,1966,3604,1984,3580,2002
3616,1953,3616,1966,3604,1966
3628,1947,3628,1953,3616,1953
3646,1941,3646,1947,3634,1947
3683,1935,3683,1941,3659,1941
3701,1929,3701,1935,3689,1935
3744,1935,3737,1935,3737,1929
3756,1935,3744,1935,3737,1929
3841,1929,3756,1935,3737,1929
3920,1923,3920,1929,3913,1929
3992,1923,3980,1923,3920,1923
3998,1929,3992,1929,3992,1923
4004,1935,3998,1935,3998,1929
4041,1899,4004,1935,3998,1929
4041,1899,4041,1899,3998,1929
4096,1844,4047,1899,4041,1899
4096,1080,4096,1844,4041,1899
4071,1031,4096,1080,4041,1899
4047,1019,4071,1031,4041,1899
3125,1972,3119,1966,4047,1019
3137,1978,3125,1972,4047,1019
3167,1978,3137,1978,4047,1019
3191,1978,3167,1978,4047,1019
3197,1972,3191,1978,4047,1019
3222,1953,3197,1972,4047,1019
3228,1953,3222,1953,4047,1019
3246,1947,3228,1953,4047,1019
3264,1941,3246,1947,4047,1019
3270,1941,3264,1941,4047,1019
3276,1941,3270,1941,4047,1019
3343,1953,3276,1941,4047,1019
3343,1978,3343,1953,4047,1019
3367,1990,3343,1978,4047,1019
3373,2008,3367,1990,4047,1019
3386,2002,3373,2008,4047,1019
3392,2002,3386,2002,4047,1019
3398,2002,3392,2002,4047,1019
3404,2008,3398,2002,4047,1019
3416,2008,3404,2008,4047,1019
3446,2008,3416,2008,4047,1019
3464,2008,3446,2008,4047,1019
3531,2008,3464,2008,4047,1019
3537,2008,3531,2008,4047,1019
3549,2014,3537,2008,4047,1019
3574,2008,3549,2014,4047,1019
3580,2002,3574,2008,4047,1019
3604,1966,3580,2002,4047,1019
3616,1953,3604,1966,4047,1019
3628,1947,3616,1953,4047,1019
3634,1947,3628,1947,4047,1019
3646,1941,3634,1947,4047,1019
3659,1941,3646,1941,4047,1019
3683,1935,3659,1941,4047,1019
3689,1935,3683,1935,4047,1019
3701,1929,3689,1935,4047,1019
3737,1929,3701,1929,4047,1019
3841,1929,3737,1929,4047,1019
3889,1929,3841,1929,4047,1019
3913,1929,3889,1929,4047,1019
3920,1923,3913,1929,4047,1019
3992,1923,3920,1923,4047,1019
3998,1929,3992,1923,4047,1019
4041,1899,3998,1929,4047,1019
4047,1019,4041,1899,4047,1019
4047,1019,4047,1019,4047,1019
1600
4071,1031,4047,1019,4047,1007
4096,970,4096,1080,4071,1031
4047,1007,4096,970,4071,1031
4071,1031,4047,1007,4071,1031
2368
4047,1007,3895,758,4096,455
4096,970,4047,1007,4096,455
4096,455,4096,970,4096,455
4096,455,4096,455,4096,455
2464
3895,758,3768,612,4096,327
4096,455,3895,758,4096,327
4096,327,4096,455,4096,327
4096,327,4096,327,4096,327
2547
1644,1984,1638,1984,1638,1978
1662,1984,1644,1984,1638,1978
1650,1978,1662,1978,1662,1984
1644,1978,1650,1978,1662,1984
1638,1978,1644,1978,1662,1984
1662,1984,1638,1978,1662,1984
2549
1280,1941,1280,1935,1280,1929
1426,1960,1280,1941,1280,1929
1699,2020,1668,2020,1668,2014
1674,1990,1699,2020,1668,2014
1644,1990,1674,1990,1668,2014
1638,1984,1644,1984,1644,1990
1632,1984,1638,1984,1644,1990
1632,1990,1632,1984,1644,1990
1583,1972,1589,1972,1589,1984
1565,1966,1583,1966,1583,1972
1559,1960,1565,1960,1565,1966
1486,1960,1559,1960,1565,1966
1450,1953,1486,1953,1486,1960
1413,1947,1450,1947,1450,1953
1377,1941,1413,1941,1413,1947
1371,1935,1377,1935,1377,1941
1322,1935,1371,1935,1377,1941
1280,1929,1322,1929,1322,1935
1426,1960,1280,1929,1322,1935
1668,2014,1426,1960,1322,1935
1632,1990,1644,1990,1668,2014
1620,1990,1632,1990,1668,2014
1608,1990,1620,1990,1668,2014
1589,1984,1608,1990,1668,2014
1565,1966,1583,1972,1589,1984
1486,1960,1565,1966,1589,1984
1450,1953,1486,1960,1589,1984
1413,1947,1450,1953,1589,1984
1377,1941,1413,1947,1589,1984
1322,1935,1377,1941,1589,1984
1668,2014,1322,1935,1589,1984
2548
1322,1929,1280,1929,1280,1923
1371,1935,1322,1935,1322,1929
1328,1929,1371,1929,1371,1935
1310,1923,1328,1923,1328,1929
1286,1923,1310,1923,1328,1929
1280,1923,1286,1923,1328,1929
1322,1929,1280,1923,1328,1929
1371,1935,1322,1929,1328,1929
1328,1929,1371,1935,1328,1929
1328,1929,1328,1929,1328,1929
2544
1310,1917,1292,1917,1407,1705
1310,1923,1310,1917,1407,1705
1328,1923,1310,1923,1407,1705
1328,1929,1328,1923,1407,1705
1371,1929,1328,1929,1407,1705
1377,1929,1371,1929,1407,1705
1377,1935,1377,1929,1407,1705
1413,1935,1377,1935,1407,1705
1450,1941,1413,1941,1413,1935
1486,1947,1450,1947,1450,1941
1498,1953,1486,1953,1486,1947
1498,1947,1498,1953,1486,1947
1504,1947,1498,1947,1486,1947
1559,1953,1504,1953,1504,1947
1565,1960,1559,1960,1559,1953
1583,1960,1565,1960,1559,1953
1601,1966,1583,1966,1583,1960
1620,1966,1601,1966,1583,1960
1608,1990,1614,1972,1620,1972
1620,1984,1620,1990,1608,1990
1632,1978,1632,1984,1620,1984
1644,1978,1638,1978,1632,1978
1644,1972,1644,1978,1632,1978
1407,1705,1650,1972,1644,1972
1450,1941,1413,1935,1407,1705
1486,1947,1450,1941,1407,1705
1504,1947,1486,1947,1407,1705
1559,1953,1504,1947,1407,1705
1583,1960,1559,1953,1407,1705
1620,1966,1583,1960,1407,1705
1620,1984,1608,1990,1620,1972
1632,1978,1620,1984,1620,1972
1644,1972,1632,1978,1620,1972
1620,1966,1407,1705,1644,1972
1620,1972,1620,1966,1644,1972
1644,1972,1620,1972,1644,1972
1644,1972,1644,1972,1644,1972
2548
1589,1972,1583,1972,1583,1966
1608,1990,1589,1984,1589,1972
1601,1972,1614,1972,1608,1990
1583,1966,1601,1966,1601,1972
1589,1972,1583,1966,1601,1972
1608,1990,1589,1972,1601,1972
1601,1972,1608,1990,1601,1972
1601,1972,1601,1972,1601,1972
2547
1614,1972,1601,1972,1601,1966
1620,1972,1614,1972,1601,1966
1620,1966,1620,1972,1601,1966
1601,1966,1620,1966,1601,1966
1601,1966,1601,1966,1601,1966
2547
1504,1953,1498,1953,1498,1947
1504,1947,1504,1953,1498,1947
1498,1947,1504,1947,1498,1947
1498,1947,1498,1947,1498,1947
2547
1310,1923,1286,1923,1286,1917
1292,1917,1310,1917,1310,1923
1286,1917,1292,1917,1310,1923
1310,1923,1286,1917,1310,1923
2550
1450,1984,1274,1960,1280,1941
1523,1984,1450,1984,1280,1941
1674,2044,1523,1990,1523,1984
1723,2044,1674,2044,1523,1984
1705,2026,1717,2026,1723,2044
1699,2026,1705,2026,1723,2044
1668,2020,1699,2020,1699,2026
1523,1984,1280,1941,1426,1960
1668,2020,1699,2026,1723,2044
1523,1984,1426,1960,1668,2014
1668,2020,1723,2044,1523,1984
1668,2014,1668,2020,1523,1984
1523,1984,1668,2014,1523,1984
2547
1377,1935,1371,1935,1371,1929
1377,1929,1377,1935,1371,1929
1371,1929,1377,1929,1371,1929
1371,1929,1371,1929,1371,1929
2548
1413,1941,1377,1941,1377,1935
1413,1935,1413,1941,1377,1935
1377,1935,1413,1935,1377,1935
1377,1935,1377,1935,1377,1935
2548
1450,1947,1413,1947,1413,1941
1450,1941,1450,1947,1413,1941
1413,1941,1450,1941,1413,1941
1413,1941,1413,1941,1413,1941
2548
1486,1953,1450,1953,1450,1947
1486,1947,1486,1953,1450,1947
1450,1947,1486,1947,1450,1947
1450,1947,1450,1947,1450,1947
2548
1559,1960,1486,1960,1486,1953
1504,1953,1559,1953,1559,1960
1498,1953,1504,1953,1559,1960
1486,1953,1498,1953,1559,1960
1559,1960,1486,1953,1559,1960
2548
1583,1966,1565,1966,1565,1960
1583,1960,1583,1966,1565,1960
1565,1960,1583,1960,1565,1960
1565,1960,1565,1960,1565,1960
2548
1632,1990,1620,1990,1620,1984
1632,1984,1632,1990,1620,1984
1620,1984,1632,1984,1620,1984
1620,1984,1620,1984,1620,1984
2548
1638,1984,1632,1984,1632,1978
1638,1978,1638,1984,1632,1978
1632,1978,1638,1978,1632,1978
1632,1978,1632,1978,1632,1978
2548
1674,1990,1644,1990,1644,1984
1662,1984,1674,1984,1674,1990
1644,1984,1662,1984,1674,1990
1674,1990,1644,1984,1674,1990
2546
1650,1978,1644,1978,1644,1972
1650,1972,1650,1978,1644,1972
1644,1972,1650,1972,1644,1972
1644,1972,1644,1972,1644,1972
2308
2208,1941,2214,1960,2020,1911
2196,1935,2208,1935,2208,1941
2190,1929,2196,1929,2196,1935
2184,1923,2190,1923,2190,1929
2166,1923,2184,1923,2190,1929
2160,1917,2166,1917,2166,1923
2154,1917,2160,1917,2166,1923
2129,1911,2154,1911,2154,1917
2117,1905,2129,1905,2129,1911
2105,1905,2117,1905,2129,1911
2087,1899,2105,1899,2105,1905
2081,1899,2087,1899,2105,1905
2069,1899,2081,1899,2105,1905
2069,1905,2069,1899,2105,1905
2002,1905,2063,1899,2063,1905
2002,1911,2002,1905,2063,1905
1911,1917,1966,1911,2002,1911
1911,1923,1911,1917,2002,1911
1899,1929,1899,1923,1905,1923
1893,1935,1893,1929,1899,1929
1887,1947,1887,1935,1893,1935
1887,1960,1887,1947,1893,1935
1893,1960,1887,1960,1893,1935
1893,1972,1893,1960,1893,1935
1917,1990,1893,1972,1893,1935
1875,1996,1875,1990,1917,1990
1784,1996,1814,1990,1814,1996
1947,2002,1784,1996,1814,1996
2196,1935,2208,1941,2020,1911
2190,1929,2196,1935,2020,1911
2166,1923,2190,1929,2020,1911
2154,1917,2166,1923,2020,1911
2129,1911,2154,1917,2020,1911
2105,1905,2129,1911,2020,1911
2069,1905,2105,1905,2020,1911
2063,1905,2069,1905,2020,1911
2002,1911,2063,1905,2020,1911
1911,1923,2002,1911,2020,1911
1899,1929,1905,1923,1911,1923
1893,1935,1899,1929,1911,1923
1947,2002,1814,1996,1875,1996
1911,1923,2020,1911,1911,1953
1893,1935,1911,1923,1911,1953
1917,1990,1893,1935,1911,1953
1947,2002,1875,1996,1917,1990
1911,1953,1947,2002,1917,1990
1917,1990,1911,1953,1917,1990
1917,1990,1917,1990,1917,1990
2307
2196,1929,2190,1929,2190,1923
2208,1935,2196,1935,2196,1929
2214,1941,2208,1941,2208,1935
2214,1929,2214,1941,2208,1935
2202,1929,2214,1929,2208,1935
2190,1923,2202,1923,2202,1929
2196,1929,2190,1923,2202,1929
2208,1935,2196,1929,2202,1929
2202,1929,2208,1935,2202,1929
2202,1929,2202,1929,2202,1929
2307
2166,1923,2166,1917,2166,1911
2184,1917,2184,1923,2166,1923
2172,1917,2184,1917,2166,1923
2172,1911,2172,1917,2166,1923
2166,1911,2172,1911,2166,1923
2166,1923,2166,1911,2166,1923
2307
2117,1905,2105,1905,2105,1899
2111,1899,2117,1899,2117,1905
2105,1899,2111,1899,2117,1905
2117,1905,2105,1899,2117,1905
2307
1881,1941,1875,1941,1875,1935
1887,1947,1881,1947,1881,1941
1887,1935,1887,1947,1881,1941
1893,1929,1893,1935,1887,1935
1881,1929,1893,1929,1887,1935
1881,1935,1881,1929,1887,1935
1875,1935,1881,1935,1887,1935
1881,1941,1875,1935,1887,1935
2307
1814,1996,1814,1990,1814,1984
1875,1996,1814,1996,1814,1984
1875,1990,1875,1996,1814,1984
1917,1990,1875,1990,1814,1984
1893,1978,1893,1972,1917,1990
1862,1978,1893,1978,1917,1990
1856,1978,1862,1978,1917,1990
1850,1978,1856,1978,1917,1990
1850,1984,1850,1978,1917,1990
1838,1984,1850,1984,1917,1990
1814,1984,1838,1984,1917,1990
1917,1990,1814,1984,1917,1990
2306
1850,1984,1838,1984,1838,1978
1850,1978,1850,1984,1838,1978
1838,1978,1850,1978,1838,1978
1838,1978,1838,1978,1838,1978
2307
1893,1972,1887,1972,1887,1960
1893,1960,1893,1972,1887,1960
1887,1960,1893,1960,1887,1960
1887,1960,1887,1960,1887,1960
2306
1862,1978,1856,1978,1856,1972
1862,1972,1862,1978,1856,1972
1856,1972,1862,1972,1856,1972
1856,1972,1856,1972,1856,1972
2305
1875,1941,1868,1941,1868,1935
1875,1935,1875,1941,1868,1935
1868,1935,1875,1935,1868,1935
1868,1935,1868,1935,1868,1935
2307
1899,1929,1893,1929,1893,1923
1899,1923,1899,1929,1893,1923
1893,1923,1899,1923,1893,1923
1893,1923,1893,1923,1893,1923
2307
1911,1923,1905,1923,1905,1917
1911,1917,1911,1923,1905,1917
1905,1917,1911,1917,1905,1917
1905,1917,1905,1917,1905,1917
80
1741,612,752,752,406,0
1747,612,1741,612,406,0
2160,0,1747,612,406,0
406,0,2160,0,406,0
406,0,406,0,406,0
2384
3119,491,1747,612,2160,0
3094,388,3119,491,2160,0
3094,321,3094,388,2160,0
3070,273,3094,321,2160,0
3070,218,3070,273,2160,0
3070,206,3070,218,2160,0
3003,0,3070,206,2160,0
2160,0,3003,0,2160,0
2160,0,2160,0,2160,0
2464
3094,321,3070,273,3070,218
3119,491,3094,388,3094,321
3179,515,3119,491,3094,321
3125,388,3185,515,3179,515
3094,321,3070,218,3125,388
3179,515,3094,321,3125,388
3125,388,3179,515,3125,388
3125,388,3125,388,3125,388
160
3070,218,3070,206,3119,151
3125,388,3070,218,3119,151
3185,515,3125,388,3119,151
3379,491,3185,515,3119,151
3477,0,3379,491,3119,151
3064,0,3477,0,3119,151
3119,151,3064,0,3119,151
928
3762,612,3379,491,3477,0
3768,612,3762,612,3477,0
4096,0,4096,327,3768,612
3829,36,3829,0,4096,0
3671,200,3829,36,4096,0
3586,0,3653,115,3616,218
3477,0,3586,0,3616,218
3768,612,3477,0,3616,218
3671,200,4096,0,3768,612
3616,218,3671,200,3768,612
3768,612,3616,218,3768,612
768
3762,612,3240,1165,3264,952
3379,491,3762,612,3264,952
3264,952,3379,491,3264,952
3264,952,3264,952,3264,952
0
3185,515,3379,491,3264,952
3179,515,3185,515,3264,952
3264,952,3179,515,3264,952
896
3671,200,3616,218,3653,115
3829,36,3671,200,3653,115
3829,0,3829,36,3653,115
3586,0,3829,0,3653,115
3653,115,3586,0,3653,115
80
3119,151,3070,206,3003,0
3064,0,3119,151,3003,0
3003,0,3064,0,3003,0
3003,0,3003,0,3003,0
2307
2002,1911,1966,1911,1966,1905
2002,1905,2002,1911,1966,1905
1966,1905,2002,1905,1966,1905
1966,1905,1966,1905,1966,1905
2311
2032,1984,2026,1984,2026,1960
2038,1990,2032,1990,2032,1984
2051,1996,2038,1996,2038,1990
2111,2002,2051,2002,2051,1996
2111,1996,2111,2002,2051,1996
2129,1996,2111,1996,2051,1996
2129,1990,2129,1996,2051,1996
2135,1984,2135,1990,2129,1990
2129,1984,2135,1984,2129,1990
2129,1978,2129,1984,2129,1990
2123,1978,2129,1978,2129,1990
2105,1960,2123,1960,2123,1978
2081,1953,2105,1953,2105,1960
2057,1947,2081,1947,2081,1953
2057,1953,2057,1947,2081,1953
2038,1953,2057,1953,2081,1953
2038,1960,2038,1953,2081,1953
2032,1984,2026,1960,2038,1960
2038,1990,2032,1984,2038,1960
2051,1996,2038,1990,2038,1960
2129,1990,2051,1996,2038,1960
2123,1978,2129,1990,2038,1960
2105,1960,2123,1978,2038,1960
2081,1953,2105,1960,2038,1960
2038,1960,2081,1953,2038,1960
2038,1960,2038,1960,2038,1960
2308
2123,2044,2117,2044,2117,2032
2123,2044,2123,2044,2117,2032
2154,2051,2123,2051,2123,2044
2166,2032,2154,2051,2123,2044
2160,2032,2166,2032,2123,2044
2160,2026,2160,2032,2123,2044
2135,2032,2135,2026,2160,2026
2123,2044,2117,2032,2135,2032
2160,2026,2123,2044,2135,2032
2135,2032,2160,2026,2135,2032
2135,2032,2135,2032,2135,2032
2304
2307
2166,2032,2160,2032,2160,2026
2166,2026,2166,2032,2160,2026
2160,2026,2166,2026,2160,2026
2160,2026,2160,2026,2160,2026
2308
2299,2051,2172,2057,2172,2051
2402,2051,2299,2057,2299,2051
2518,2032,2402,2051,2299,2051
2609,2051,2609,2057,2518,2032
2827,2026,2827,2032,2609,2051
2809,2020,2870,2014,2827,2026
2809,2026,2809,2020,2827,2026
2767,2032,2767,2026,2791,2026
2548,2026,2615,2026,2754,2032
2536,2020,2548,2020,2548,2026
2518,2020,2536,2020,2548,2026
2475,2020,2518,2020,2548,2026
2469,2020,2475,2020,2548,2026
2469,2026,2469,2020,2548,2026
2433,2032,2433,2026,2469,2026
2396,2038,2396,2032,2433,2032
2269,2044,2269,2038,2275,2038
2172,2051,2263,2038,2263,2044
2299,2051,2172,2051,2263,2044
2767,2032,2791,2026,2809,2026
2469,2026,2548,2026,2754,2032
2396,2038,2433,2032,2469,2026
2269,2044,2275,2038,2281,2038
2299,2051,2263,2044,2269,2044
2767,2032,2809,2026,2827,2026
2281,2038,2287,2038,2396,2038
2269,2044,2281,2038,2396,2038
2299,2051,2269,2044,2396,2038
2518,2032,2299,2051,2396,2038
2767,2032,2827,2026,2609,2051
2754,2032,2767,2032,2609,2051
2518,2032,2396,2038,2469,2026
2754,2032,2609,2051,2518,2032
2469,2026,2754,2032,2518,2032
2518,2032,2469,2026,2518,2032
2307
2548,2020,2536,2020,2536,2014
2615,2026,2548,2026,2548,2020
2572,2020,2615,2026,2548,2020
2572,2014,2572,2020,2548,2020
2536,2014,2572,2014,2548,2020
2548,2020,2536,2014,2548,2020
2307
2396,2038,2287,2038,2299,2026
2396,2032,2396,2038,2299,2026
2433,2032,2396,2032,2299,2026
2469,2020,2469,2026,2433,2026
2445,2020,2469,2020,2433,2026
2445,2014,2445,2020,2433,2026
2427,2014,2445,2014,2433,2026
2427,2020,2427,2014,2433,2026
2409,2020,2427,2020,2433,2026
2402,2020,2409,2020,2433,2026
2402,2026,2402,2020,2433,2026
2433,2032,2299,2026,2342,2026
2402,2026,2433,2026,2433,2032
2366,2026,2402,2026,2433,2032
2348,2026,2366,2026,2433,2032
2342,2026,2348,2026,2433,2032
2433,2032,2342,2026,2433,2032
2306
2402,2026,2366,2026,2366,2020
2390,2020,2402,2020,2402,2026
2384,2014,2390,2014,2390,2020
2384,2020,2384,2014,2390,2020
2366,2020,2384,2020,2390,2020
2402,2026,2366,2020,2390,2020
2307
2069,1905,2063,1905,2063,1899
2069,1899,2069,1905,2063,1899
2063,1899,2069,1899,2063,1899
2063,1899,2063,1899,2063,1899
2306
2087,1899,2081,1899,2081,1893
2087,1893,2087,1899,2081,1893
2081,1893,2087,1893,2081,1893
2081,1893,2081,1893,2081,1893
2307
2105,1899,2087,1899,2087,1893
2105,1893,2105,1899,2087,1893
2087,1893,2105,1893,2087,1893
2087,1893,2087,1893,2087,1893
2306
2129,1905,2117,1905,2117,1899
2129,1899,2129,1905,2117,1899
2117,1899,2129,1899,2117,1899
2117,1899,2117,1899,2117,1899
2306
2117,1899,2111,1899,2111,1893
2117,1893,2117,1899,2111,1893
2111,1893,2117,1893,2111,1893
2111,1893,2111,1893,2111,1893
2307
2269,2044,2263,2044,2263,2038
2269,2038,2269,2044,2263,2038
2263,2038,2269,2038,2263,2038
2263,2038,2263,2038,2263,2038
2307
2154,1911,2129,1911,2129,1905
2154,1905,2154,1911,2129,1905
2129,1905,2154,1905,2129,1905
2129,1905,2129,1905,2129,1905
2308
2263,2002,2245,2002,2257,1990
2275,2002,2263,2002,2257,1990
2275,1996,2275,2002,2257,1990
2305,1996,2275,1996,2257,1990
2324,1972,2324,1990,2305,1990
2311,1972,2324,1972,2305,1990
2311,1966,2311,1972,2305,1990
2299,1966,2311,1966,2305,1990
2287,1966,2299,1966,2305,1990
2281,1990,2287,1966,2305,1990
2257,1990,2281,1990,2305,1990
2305,1996,2257,1990,2305,1990
2307
2324,1972,2311,1972,2311,1966
2330,1990,2324,1990,2324,1972
2330,1972,2330,1990,2324,1972
2330,1966,2330,1972,2324,1972
2311,1966,2330,1966,2324,1972
2324,1972,2311,1966,2324,1972
2306
2336,1990,2330,1990,2330,1972
2336,1984,2336,1990,2330,1972
2342,1978,2342,1984,2336,1984
2336,1978,2342,1978,2336,1984
2336,1972,2336,1978,2336,1984
2330,1972,2336,1972,2336,1984
2336,1984,2330,1972,2336,1984
2307
2311,2002,2275,2002,2275,1996
2324,1990,2324,1996,2311,1996
2305,1990,2324,1990,2311,1996
2305,1996,2305,1990,2311,1996
2275,1996,2305,1996,2311,1996
2311,2002,2275,1996,2311,1996
2307
2281,2038,2275,2038,2275,2032
2281,2032,2281,2038,2275,2032
2275,2032,2281,2032,2275,2032
2275,2032,2275,2032,2275,2032
2307
2160,1917,2154,1917,2154,1911
2160,1911,2160,1917,2154,1911
2154,1911,2160,1911,2154,1911
2154,1911,2154,1911,2154,1911
2307
2275,2008,2263,2008,2263,2002
2275,2002,2275,2008,2263,2002
2263,2002,2275,2002,2263,2002
2263,2002,2263,2002,2263,2002
2306
2166,1917,2160,1917,2160,1911
2166,1911,2166,1917,2160,1911
2160,1911,2166,1911,2160,1911
2160,1911,2160,1911,2160,1911
2306
2348,2026,2342,2026,2342,2020
2348,2020,2348,2026,2342,2020
2342,2020,2348,2020,2342,2020
2342,2020,2342,2020,2342,2020
2307
2299,1966,2287,1966,2287,1960
2299,1960,2299,1966,2287,1960
2287,1960,2299,1960,2287,1960
2287,1960,2287,1960,2287,1960
2306
2427,2020,2409,2020,2409,2014
2427,2014,2427,2020,2409,2014
2409,2014,2427,2014,2409,2014
2409,2014,2409,2014,2409,2014
2306
2445,2014,2427,2014,2427,2008
2439,2002,2445,2002,2445,2014
2439,2008,2439,2002,2445,2014
2427,2008,2439,2008,2445,2014
2445,2014,2427,2008,2445,2014
2307
2518,2020,2475,2020,2475,2014
2518,2014,2518,2020,2475,2014
2475,2014,2518,2014,2475,2014
2475,2014,2475,2014,2475,2014
2307
2767,2032,2754,2032,2754,2026
2767,2026,2767,2032,2754,2026
2754,2026,2767,2026,2754,2026
2754,2026,2754,2026,2754,2026
2307
2809,2026,2791,2026,2791,2020
2809,2020,2809,2026,2791,2020
2791,2020,2809,2020,2791,2020
2791,2020,2791,2020,2791,2020
2307
2918,2002,2906,2002,2906,1996
2918,1996,2918,2002,2906,1996
2906,1996,2918,1996,2906,1996
2906,1996,2906,1996,2906,1996
2308
2924,2008,2906,2008,2906,2002
2943,1996,2943,2002,2924,2002
2936,1990,2943,1990,2943,1996
2936,1996,2936,1990,2943,1996
2918,2002,2918,1996,2930,1996
2924,2008,2906,2002,2918,2002
2924,2002,2924,2008,2918,2002
2943,1996,2924,2002,2918,2002
2936,1996,2943,1996,2918,2002
2930,1996,2936,1996,2918,2002
2918,2002,2930,1996,2918,2002
2918,2002,2918,2002,2918,2002
2307
2936,1996,2930,1996,2930,1990
2936,1990,2936,1996,2930,1990
2930,1990,2936,1990,2930,1990
2930,1990,2930,1990,2930,1990
2307
2985,1990,2979,1990,2979,1984
2991,1990,2985,1990,2979,1984
2991,1984,2991,1990,2979,1984
2979,1984,2991,1984,2979,1984
2979,1984,2979,1984,2979,1984
2306
3112,1972,3106,1972,3106,1966
3119,1972,3112,1972,3106,1966
3119,1966,3119,1972,3106,1966
3106,1966,3119,1966,3106,1966
3106,1966,3106,1966,3106,1966
1539
3119,1978,3112,1978,3112,1972
3119,1972,3119,1978,3112,1972
3112,1972,3119,1972,3112,1972
3112,1972,3112,1972,3112,1972
768
1538
3125,1978,3119,1978,3119,1972
3125,1972,3125,1978,3119,1972
3119,1972,3125,1972,3119,1972
3119,1972,3119,1972,3119,1972
1540
3179,1990,3137,1990,3137,1984
3191,1978,3191,1984,3179,1984
3167,1978,3191,1978,3179,1984
3167,1984,3167,1978,3179,1984
3137,1984,3167,1984,3179,1984
3179,1990,3137,1984,3179,1984
1540
3246,1966,3210,1972,3222,1960
3373,2008,3373,2014,3337,2014
3355,2008,3373,2008,3337,2014
3355,2002,3355,2008,3337,2014
3331,1996,3355,2002,3337,2014
3313,1990,3331,1990,3331,1996
3270,1947,3276,1947,3313,1966
3270,1953,3270,1947,3313,1966
3228,1953,3246,1953,3270,1953
3228,1960,3228,1953,3270,1953
3246,1966,3222,1960,3228,1960
3246,1960,3246,1966,3228,1960
3288,1960,3246,1960,3228,1960
3313,1990,3331,1996,3337,2014
3288,1960,3228,1960,3270,1953
3313,1990,3337,2014,3288,1978
3313,1966,3313,1990,3288,1978
3288,1960,3270,1953,3313,1966
3288,1978,3288,1960,3313,1966
3313,1966,3288,1978,3313,1966
3313,1966,3313,1966,3313,1966
1539
3355,2002,3331,1996,3331,1990
3373,2008,3355,2008,3355,2002
3367,1996,3373,2008,3355,2002
3361,1996,3367,1996,3355,2002
3361,1990,3361,1996,3355,2002
3337,1990,3361,1990,3355,2002
3331,1990,3337,1990,3355,2002
3355,2002,3331,1990,3355,2002
1539
3331,1990,3313,1990,3313,1966
3331,1972,3331,1990,3313,1966
3319,1953,3343,1953,3331,1972
3319,1960,3319,1953,3331,1972
3319,1966,3319,1960,3331,1972
3313,1966,3319,1966,3331,1972
3331,1972,3313,1966,3331,1972
1539
3270,1953,3246,1953,3246,1947
3264,1947,3270,1947,3270,1953
3246,1947,3264,1947,3270,1953
3270,1953,3246,1947,3270,1953
1539
3228,1960,3222,1960,3222,1953
3228,1953,3228,1960,3222,1953
3222,1953,3228,1953,3222,1953
3222,1953,3222,1953,3222,1953
1538
3270,1947,3264,1947,3264,1941
3270,1941,3270,1947,3264,1941
3264,1941,3270,1941,3264,1941
3264,1941,3264,1941,3264,1941
1539
3276,1947,3270,1947,3270,1941
3276,1941,3276,1947,3270,1941
3270,1941,3276,1941,3270,1941
3270,1941,3270,1941,3270,1941
1538
3337,1990,3331,1990,3331,1972
3337,1978,3337,1990,3331,1972
3343,1978,3337,1978,3331,1972
3343,1972,3343,1978,3331,1972
3331,1972,3343,1972,3331,1972
3331,1972,3331,1972,3331,1972
1540
3319,1966,3313,1966,3313,1960
3319,1960,3319,1966,3313,1960
3313,1960,3319,1960,3313,1960
3313,1960,3313,1960,3313,1960
1540
3416,2020,3379,2020,3379,2014
3404,2014,3416,2014,3416,2020
3398,2008,3404,2008,3404,2014
3392,2008,3398,2008,3404,2014
3386,2008,3392,2008,3404,2014
3386,2014,3386,2008,3404,2014
3379,2014,3386,2014,3404,2014
3416,2020,3379,2014,3404,2014
1538
3367,1996,3361,1996,3361,1990
3367,1990,3367,1996,3361,1990
3361,1990,3367,1990,3361,1990
3361,1990,3361,1990,3361,1990
1539
3392,2008,3386,2008,3386,2002
3392,2002,3392,2008,3386,2002
3386,2002,3392,2002,3386,2002
3386,2002,3386,2002,3386,2002
1538
3398,2008,3392,2008,3392,2002
3398,2002,3398,2008,3392,2002
3392,2002,3398,2002,3392,2002
3392,2002,3392,2002,3392,2002
1540
3883,1935,3810,1947,3671,1947
3756,1935,3841,1929,3841,1935
3756,1941,3756,1935,3841,1935
3737,1935,3744,1935,3744,1941
3701,1935,3737,1935,3744,1941
3689,1935,3701,1935,3744,1941
3689,1941,3689,1935,3744,1941
3659,1947,3659,1941,3683,1941
3634,1953,3634,1947,3646,1947
3628,1960,3628,1953,3634,1953
3622,1966,3622,1960,3628,1960
3616,1978,3616,1966,3622,1966
3610,1984,3610,1978,3616,1978
3586,2002,3604,1984,3610,1984
3586,2014,3586,2002,3610,1984
3549,2020,3574,2014,3586,2014
3537,2014,3543,2014,3543,2020
3531,2014,3537,2014,3543,2020
3464,2014,3531,2014,3543,2020
3446,2014,3464,2014,3543,2020
3416,2008,3446,2008,3446,2014
3416,2014,3416,2008,3446,2014
3586,2026,3416,2014,3446,2014
3756,1941,3841,1935,3883,1935
3659,1947,3683,1941,3689,1941
3634,1953,3646,1947,3659,1947
3628,1960,3634,1953,3659,1947
3622,1966,3628,1960,3659,1947
3616,1978,3622,1966,3659,1947
3610,1984,3616,1978,3659,1947
3586,2014,3610,1984,3659,1947
3586,2026,3446,2014,3543,2020
3756,1941,3883,1935,3671,1947
3744,1941,3756,1941,3671,1947
3689,1941,3744,1941,3671,1947
3659,1947,3689,1941,3671,1947
3586,2014,3659,1947,3671,1947
3586,2026,3543,2020,3549,2020
3586,2020,3586,2026,3549,2020
3586,2014,3671,1947,3586,2020
3549,2020,3586,2014,3586,2020
3586,2020,3549,2020,3586,2020
1539
3610,1984,3604,1984,3604,1966
3610,1978,3610,1984,3604,1966
3616,1978,3610,1978,3604,1966
3616,1966,3616,1978,3604,1966
3604,1966,3616,1966,3604,1966
3604,1966,3604,1966,3604,1966
1539
3586,2014,3574,2014,3574,2008
3580,2002,3586,2002,3586,2014
3580,2008,3580,2002,3586,2014
3574,2008,3580,2008,3586,2014
3586,2014,3574,2008,3586,2014
1539
3464,2014,3446,2014,3446,2008
3464,2008,3464,2014,3446,2008
3446,2008,3464,2008,3446,2008
3446,2008,3446,2008,3446,2008
1539
3537,2014,3531,2014,3531,2008
3537,2008,3537,2014,3531,2008
3531,2008,3537,2008,3531,2008
3531,2008,3531,2008,3531,2008
1539
3549,2020,3543,2020,3543,2014
3549,2014,3549,2020,3543,2014
3543,2014,3549,2014,3543,2014
3543,2014,3543,2014,3543,2014
1539
3622,1966,3616,1966,3616,1953
3622,1960,3622,1966,3616,1953
3628,1960,3622,1960,3616,1953
3628,1953,3628,1960,3616,1953
3616,1953,3628,1953,3616,1953
3616,1953,3616,1953,3616,1953
1539
3634,1953,3628,1953,3628,1947
3634,1947,3634,1953,3628,1947
3628,1947,3634,1947,3628,1947
3628,1947,3628,1947,3628,1947
1539
3659,1947,3646,1947,3646,1941
3659,1941,3659,1947,3646,1941
3646,1941,3659,1941,3646,1941
3646,1941,3646,1941,3646,1941
1539
3689,1941,3683,1941,3683,1935
3689,1935,3689,1941,3683,1935
3683,1935,3689,1935,3683,1935
3683,1935,3683,1935,3683,1935
1539
3737,1935,3701,1935,3701,1929
3737,1929,3737,1935,3701,1929
3701,1929,3737,1929,3701,1929
3701,1929,3701,1929,3701,1929
1539
3756,1941,3744,1941,3744,1935
3756,1935,3756,1941,3744,1935
3744,1935,3756,1935,3744,1935
3744,1935,3744,1935,3744,1935
1776
4011,1935,4004,1935,4041,1899
4023,1935,4011,1935,4041,1899
4023,1941,4023,1935,4041,1899
4029,1941,4023,1941,4041,1899
4029,1947,4029,1941,4041,1899
4023,1953,4023,1947,4029,1947
4017,1960,4017,1953,4023,1953
4065,1953,4017,1960,4023,1953
4065,1947,4065,1953,4023,1953
4096,1844,4096,1947,4077,1947
4047,1899,4096,1844,4077,1947
4041,1899,4047,1899,4077,1947
4065,1947,4023,1953,4029,1947
4077,1947,4065,1947,4029,1947
4041,1899,4077,1947,4029,1947
4029,1947,4041,1899,4029,1947
1779
4017,1953,4011,1953,4011,1935
4023,1953,4017,1953,4011,1935
4023,1947,4023,1953,4011,1935
4029,1947,4023,1947,4011,1935
4023,1941,4029,1941,4029,1947
4011,1935,4023,1935,4023,1941
4029,1947,4011,1935,4023,1941
1539
3883,1935,3841,1935,3841,1929
3889,1935,3883,1935,3841,1929
3889,1929,3889,1935,3841,1929
3841,1929,3889,1929,3841,1929
3841,1929,3841,1929,3841,1929
1776
1539
3992,1929,3980,1929,3980,1923
3992,1923,3992,1929,3980,1923
3980,1923,3992,1923,3980,1923
3980,1923,3980,1923,3980,1923
1540
3986,1935,3980,1935,3980,1929
3992,1941,3986,1941,3986,1935
3998,1941,3992,1941,3986,1935
3992,1935,3998,1935,3998,1941
3980,1929,3992,1929,3992,1935
3986,1935,3980,1929,3992,1935
3998,1941,3986,1935,3992,1935
3992,1935,3998,1941,3992,1935
3992,1935,3992,1935,3992,1935
1539
3998,1935,3992,1935,3992,1929
3998,1929,3998,1935,3992,1929
3992,1929,3998,1929,3992,1929
3992,1929,3992,1929,3992,1929
1779
4077,1953,4065,1953,4065,1947
4077,1947,4077,1953,4065,1947
4065,1947,4077,1947,4065,1947
4065,1947,4065,1947,4065,1947
1782
4096,1996,3998,2008,3944,1990
4041,1978,4096,1972,4096,1996
4041,1984,4041,1978,4096,1996
3998,1984,4041,1984,4096,1996
3962,1972,3998,1978,3998,1984
3944,1990,3962,1972,3998,1984
4096,1996,3944,1990,3998,1984
1783
4096,2038,3877,2038,3938,1990
3998,2008,4096,1996,4096,2038
3938,1990,3944,1990,3998,2008
4096,2038,3938,1990,3998,2008
1543
3610,2099,2955,2099,2991,2032
3622,2099,3610,2099,2991,2032
3859,2051,3622,2105,3622,2099
3859,2044,3859,2051,3622,2099
3859,2038,3859,2044,3622,2099
3877,2038,3871,2038,3859,2038
3938,1990,3877,2038,3859,2038
3549,2063,3938,1990,3859,2038
3549,2069,3549,2063,3859,2038
3034,2020,3125,2014,3125,2020
3028,2020,3034,2020,3125,2020
3028,2026,3028,2020,3125,2020
3009,2026,3021,2026,3028,2026
3009,2032,3009,2026,3028,2026
2991,2032,2997,2032,3009,2032
3622,2099,2991,2032,3009,2032
3549,2069,3859,2038,3622,2099
3125,2020,3549,2069,3622,2099
3028,2026,3125,2020,3622,2099
3009,2032,3028,2026,3622,2099
3622,2099,3009,2032,3622,2099
1542
3125,2014,3034,2020,3064,1996
3549,2069,3125,2020,3125,2014
3549,2063,3549,2069,3125,2014
3962,1972,3944,1990,3938,1990
3962,1966,3962,1972,3938,1990
3549,2051,3962,1966,3938,1990
3064,1996,3070,1996,3549,2051
3125,2014,3064,1996,3549,2051
3549,2063,3125,2014,3549,2051
3938,1990,3549,2063,3549,2051
3549,2051,3938,1990,3549,2051
3549,2051,3549,2051,3549,2051
1781
3992,1947,3986,1947,3986,1941
3992,1941,3992,1947,3986,1941
3986,1941,3992,1941,3986,1941
3986,1941,3986,1941,3986,1941
1540
3980,1929,3920,1929,3920,1923
3980,1923,3980,1929,3920,1923
3920,1923,3980,1923,3920,1923
3920,1923,3920,1923,3920,1923
1540
3913,1935,3889,1935,3889,1929
3913,1929,3913,1935,3889,1929
3889,1929,3913,1929,3889,1929
3889,1929,3889,1929,3889,1929
1540
3210,1978,3197,1978,3197,1972
3210,1972,3210,1978,3197,1972
3197,1972,3210,1972,3197,1972
3197,1972,3197,1972,3197,1972
1540
3106,1984,3106,1978,3106,1972
3137,1978,3137,1984,3106,1984
3125,1978,3137,1978,3106,1984
3119,1978,3125,1978,3106,1984
3112,1978,3119,1978,3106,1984
3112,1972,3112,1978,3106,1984
3106,1972,3112,1972,3106,1984
3106,1984,3106,1972,3106,1984
2307
3106,1972,3100,1972,3100,1966
3106,1966,3106,1972,3100,1966
3100,1966,3106,1966,3100,1966
3100,1966,3100,1966,3100,1966
2309
3100,1984,3088,1984,3088,1978
3100,1978,3100,1984,3088,1978
3088,1978,3100,1978,3088,1978
3088,1978,3088,1978,3088,1978
2307
3076,1978,3070,1978,3070,1972
3076,1972,3076,1978,3070,1972
3070,1972,3076,1972,3070,1972
3070,1972,3070,1972,3070,1972
2308
3052,1990,2991,1990,2991,1984
3052,1984,3052,1990,2991,1984
2991,1984,3052,1984,2991,1984
2991,1984,2991,1984,2991,1984
2308
2985,1996,2949,1996,2949,1990
2979,1990,2985,1990,2985,1996
2949,1990,2979,1990,2985,1996
2985,1996,2949,1990,2985,1996
2307
2949,1996,2943,1996,2943,1990
2949,1990,2949,1996,2943,1990
2943,1990,2949,1990,2943,1990
2943,1990,2943,1990,2943,1990
2308
2906,2014,2876,2014,2876,2008
2906,2008,2906,2014,2876,2008
2876,2008,2906,2008,2876,2008
2876,2008,2876,2008,2876,2008
2308
2184,2020,2178,2020,2178,2014
2184,2014,2184,2020,2178,2014
2178,2014,2184,2014,2178,2014
2178,2014,2178,2014,2178,2014
2308
2208,2014,2190,2014,2190,2008
2208,2008,2208,2014,2190,2008
2190,2008,2208,2008,2190,2008
2190,2008,2190,2008,2190,2008
2308
2245,2008,2233,2008,2233,2002
2245,2002,2245,2008,2233,2002
2233,2002,2245,2002,2233,2002
2233,2002,2233,2002,2233,2002
2308
2287,1966,2263,1966,2263,1960
2287,1960,2287,1966,2263,1960
2263,1960,2287,1960,2263,1960
2263,1960,2263,1960,2263,1960
2308
1680,1990,1674,1990,1674,1984
1680,1984,1680,1990,1674,1984
1674,1984,1680,1984,1674,1984
1674,1984,1674,1984,1674,1984
2308
1699,1996,1686,1996,1686,1990
1699,1990,1699,1996,1686,1990
1686,1990,1699,1990,1686,1990
1686,1990,1686,1990,1686,1990
2308
1753,2002,1735,2002,1735,1996
1753,1996,1753,2002,1735,1996
1735,1996,1753,1996,1735,1996
1735,1996,1735,1996,1735,1996
2549
1705,2026,1699,2026,1699,2020
1705,2020,1705,2026,1699,2020
1699,2020,1705,2020,1699,2020
1699,2020,1699,2020,1699,2020
2311
3028,2026,3021,2026,3021,2020
3028,2020,3028,2026,3021,2020
3021,2020,3028,2020,3021,2020
3021,2020,3021,2020,3021,2020
2311
3009,2032,2997,2032,2997,2026
3009,2026,3009,2032,2997,2026
2997,2026,3009,2026,2997,2026
2997,2026,2997,2026,2997,2026
2313
1953,2239,1941,2239,1941,2233
1953,2233,1953,2239,1941,2233
1941,2233,1953,2233,1941,2233
1941,2233,1941,2233,1941,2233
1545
2785,2463,2779,2463,2779,2457
2785,2457,2785,2463,2779,2457
2779,2457,2785,2457,2779,2457
2779,2457,2779,2457,2779,2457
1546
1543
2955,2105,2949,2105,2949,2099
2955,2099,2955,2105,2949,2099
2949,2099,2955,2099,2949,2099
2949,2099,2949,2099,2949,2099
1536
3622,2105,3610,2105,3610,2099
3622,2099,3622,2105,3610,2099
3610,2099,3622,2099,3610,2099
3610,2099,3610,2099,3610,2099
1783
3871,2044,3859,2044,3859,2038
3871,2038,3871,2044,3859,2038
3859,2038,3871,2038,3859,2038
3859,2038,3859,2038,3859,2038
2552
4096,2129,4047,2123,4077,2087
4096,2044,4096,2129,4077,2087
4077,2057,4096,2044,4077,2087
4077,2087,4077,2057,4077,2087
4077,2087,4077,2087,4077,2087
2553
4096,2609,3901,2415,4047,2129
4096,2129,4096,2609,4047,2129
4047,2123,4096,2129,4047,2129
4047,2129,4047,2123,4047,2129
4047,2129,4047,2129,4047,2129
2554
4096,2736,3562,3040,3901,2415
4089,2639,4096,2639,4096,2736
4096,2609,4096,2627,4089,2627
3901,2415,4096,2609,4089,2627
4089,2639,4096,2736,3901,2415
4089,2627,4089,2639,3901,2415
3901,2415,4089,2627,3901,2415
3901,2415,3901,2415,3901,2415
2553
4096,3707,3252,3598,3276,3562
4096,2736,4096,3707,3276,3562
3555,3058,3562,3040,4096,2736
3555,3064,3555,3058,4096,2736
3543,3064,3549,3064,3555,3064
3301,3495,3543,3064,3555,3064
3301,3501,3301,3495,3555,3064
3313,3501,3301,3501,3555,3064
3313,3513,3313,3501,3555,3064
3301,3519,3301,3513,3313,3513
3276,3531,3288,3519,3301,3519
3276,3562,3276,3531,3301,3519
3313,3513,3555,3064,4096,2736
3276,3562,3301,3519,3313,3513
4096,2736,3276,3562,3313,3513
2553
4096,4096,2985,4096,3009,4047
4096,4065,4096,4096,3009,4047
3009,4047,4096,4065,3009,4047
3009,4047,3009,4047,3009,4047
2553
1785
3276,3562,3252,3598,3173,3580
3222,3562,3276,3531,3276,3562
3173,3580,3222,3562,3276,3562
3276,3562,3173,3580,3276,3562
2554
3301,3519,3288,3519,3295,3495
3301,3513,3301,3519,3295,3495
3313,3501,3313,3513,3301,3513
3301,3501,3313,3501,3301,3513
3301,3495,3301,3501,3301,3513
3295,3495,3301,3495,3301,3513
3301,3513,3295,3495,3301,3513
1786
2553
4096,2639,4089,2639,4089,2627
4096,2627,4096,2639,4089,2627
4089,2627,4096,2627,4089,2627
4089,2627,4089,2627,4089,2627
1784
3731,2196,3719,2196,3719,2190
3731,2190,3731,2196,3719,2190
3719,2190,3731,2190,3719,2190
3719,2190,3719,2190,3719,2190
1546
3519,2372,3501,2372,3501,2366
3519,2366,3519,2372,3501,2366
3501,2366,3519,2366,3501,2366
3501,2366,3501,2366,3501,2366
2554
3555,3064,3549,3064,3549,3058
3555,3058,3555,3064,3549,3058
3549,3058,3555,3058,3549,3058
3549,3058,3549,3058,3549,3058
249
54,4096,0,4096,0,4035
84,4035,54,4096,0,4035
0,4035,84,4035,0,4035
0,4035,0,4035,0,4035
250
84,4035,0,4035,0,3386
91,4035,84,4035,0,3386
442,3282,91,4035,0,3386
0,3386,442,3282,0,3386
0,3386,0,3386,0,3386
251
442,3282,0,3386,0,2924
722,2906,442,3282,0,2924
734,2852,722,2906,0,2924
212,2754,734,2852,0,2924
200,2754,212,2754,0,2924
0,2924,200,2754,0,2924
0,2924,0,2924,0,2924
250
200,2754,0,2924,0,2360
212,2754,200,2754,0,2360
734,2852,212,2754,0,2360
740,2852,734,2852,0,2360
1061,2384,740,2852,0,2360
0,2360,1061,2384,0,2360
0,2360,0,2360,0,2360
2555
637,3203,442,3282,722,2906
740,2852,637,3203,722,2906
734,2852,740,2852,722,2906
722,2906,734,2852,722,2906
722,2906,722,2906,722,2906
2553
2314
2318,2500,2305,2500,2305,2494
2318,2494,2318,2500,2305,2494
2305,2494,2318,2494,2305,2494
2305,2494,2305,2494,2305,2494
2552
1941,2233,1917,2233,1917,2227
1941,2227,1941,2233,1917,2227
1917,2227,1941,2227,1917,2227
1917,2227,1917,2227,1917,2227
2552
1953,2251,1935,2251,1935,2245
1941,2245,1953,2245,1953,2251
1935,2245,1941,2245,1953,2251
1953,2251,1935,2245,1953,2251
2544
248
1250,2008,1243,2008,1243,2002
1250,2002,1250,2008,1243,2002
1243,2002,1250,2002,1243,2002
1243,2002,1243,2002,1243,2002
240
800,2063,788,2063,788,2057
800,2057,800,2063,788,2057
788,2057,800,2057,788,2057
788,2057,788,2057,788,2057
244
1280,1923,1237,1923,1237,1917
1274,1917,1280,1917,1280,1923
1250,1917,1274,1917,1280,1923
1237,1917,1250,1917,1280,1923
1280,1923,1237,1917,1280,1923
244
1007,1953,964,1960,970,1947
1037,1929,1037,1935,1007,1947
1092,1917,1092,1923,1037,1929
1134,1911,1134,1917,1092,1917
1183,1905,1183,1911,1134,1911
1128,1905,1183,1905,1134,1911
1128,1911,1128,1905,1134,1911
1086,1911,1128,1911,1134,1911
1086,1917,1086,1911,1134,1911
1049,1923,1049,1917,1061,1917
1031,1923,1043,1923,1049,1923
1031,1929,1031,1923,1049,1923
1007,1953,970,1947,1001,1947
1007,1947,1007,1953,1001,1947
1037,1929,1007,1947,1001,1947
1086,1917,1134,1911,1092,1917
1061,1917,1086,1917,1092,1917
1049,1923,1061,1917,1092,1917
1031,1929,1049,1923,1092,1917
1037,1929,1001,1947,1031,1929
1092,1917,1037,1929,1031,1929
1031,1929,1092,1917,1031,1929
1031,1929,1031,1929,1031,1929
244
952,1960,964,1960,879,1996
946,1960,952,1960,879,1996
940,1960,946,1960,879,1996
922,1966,922,1960,940,1960
867,1972,898,1966,922,1966
867,1978,867,1972,922,1966
861,1984,861,1978,867,1978
849,1990,849,1984,861,1984
825,1984,837,1984,837,1990
819,1984,825,1984,837,1990
813,1984,819,1984,837,1990
813,1990,813,1984,837,1990
879,1996,813,1990,837,1990
922,1966,940,1960,879,1996
867,1978,922,1966,879,1996
861,1984,867,1978,879,1996
849,1990,861,1984,879,1996
837,1990,849,1990,879,1996
879,1996,837,1990,879,1996
243
837,1990,837,1984,837,1978
849,1990,837,1990,837,1978
849,1984,849,1990,837,1978
861,1984,849,1984,837,1978
867,1972,867,1978,861,1978
861,1972,867,1972,861,1978
855,1972,861,1972,861,1978
855,1978,855,1972,861,1978
837,1978,855,1978,861,1978
861,1984,837,1978,861,1978
244
758,1966,746,1960,746,1953
776,1984,758,1978,758,1966
788,1990,776,1990,776,1984
788,1984,788,1990,776,1984
788,1978,788,1984,776,1984
782,1978,788,1978,776,1984
782,1972,782,1978,776,1984
770,1972,782,1972,776,1984
770,1953,770,1960,770,1972
746,1953,770,1953,770,1972
758,1966,746,1953,770,1972
776,1984,758,1966,770,1972
770,1972,776,1984,770,1972
770,1972,770,1972,770,1972
244
794,1996,788,1996,788,1990
794,1990,794,1996,788,1990
788,1990,794,1990,788,1990
788,1990,788,1990,788,1990
244
691,1978,667,1978,667,1972
673,1972,691,1972,691,1978
667,1972,673,1972,691,1978
691,1978,667,1972,691,1978
244
661,1972,649,1972,649,1966
661,1966,661,1972,649,1966
649,1966,661,1966,649,1966
649,1966,649,1966,649,1966
244
546,1984,503,1984,503,1978
594,1972,594,1978,546,1978
588,1972,594,1972,546,1978
570,1972,588,1972,546,1978
564,1972,570,1972,546,1978
552,1972,564,1972,546,1978
540,1972,552,1972,546,1978
540,1978,540,1972,546,1978
546,1984,503,1978,521,1978
540,1978,546,1978,546,1984
521,1978,540,1978,546,1984
546,1984,521,1978,546,1984
244
449,1972,406,1972,406,1966
461,1978,449,1978,449,1972
497,1984,461,1984,461,1978
473,1978,497,1978,497,1984
455,1972,473,1972,473,1978
424,1966,455,1966,455,1972
406,1966,424,1966,455,1972
449,1972,406,1966,455,1972
461,1978,449,1972,455,1972
473,1978,497,1984,461,1978
455,1972,473,1978,461,1978
461,1978,455,1972,461,1978
243
455,1966,424,1966,424,1960
473,1972,455,1972,455,1966
497,1978,473,1978,473,1972
485,1972,497,1972,497,1978
479,1972,485,1972,497,1978
461,1966,479,1966,479,1972
424,1960,461,1960,461,1966
455,1966,424,1960,461,1966
473,1972,455,1966,461,1966
479,1972,497,1978,473,1972
461,1966,479,1972,473,1972
473,1972,461,1966,473,1972
244
388,1984,345,1984,345,1978
406,1972,406,1978,388,1978
382,1972,406,1972,388,1978
382,1978,382,1972,388,1978
345,1978,382,1978,388,1978
388,1984,345,1978,388,1978
244
309,1978,218,1978,218,1972
339,1984,309,1984,309,1978
333,1978,339,1978,339,1984
321,1978,333,1978,339,1984
303,1972,321,1972,321,1978
285,1966,303,1966,303,1972
285,1972,285,1966,303,1972
218,1972,273,1966,273,1972
309,1978,218,1972,273,1972
321,1978,339,1984,309,1978
303,1972,321,1978,309,1978
285,1972,303,1972,309,1978
273,1972,285,1972,309,1978
309,1978,273,1972,309,1978
243
321,1972,303,1972,303,1966
333,1978,321,1978,321,1972
333,1966,333,1978,321,1972
303,1966,333,1966,321,1972
321,1972,303,1966,321,1972
244
218,1972,103,1972,103,1966
188,1960,206,1960,218,1972
188,1966,188,1960,218,1972
151,1966,188,1966,218,1972
103,1966,151,1966,218,1972
218,1972,103,1966,218,1972
244
103,1978,78,1978,78,1972
91,1972,103,1972,103,1978
78,1972,91,1972,103,1978
103,1978,78,1972,103,1978
244
54,1990,42,1990,42,1984
54,1984,54,1990,42,1984
42,1984,54,1984,42,1984
42,1984,42,1984,42,1984
244
78,1984,54,1984,54,1978
78,1978,78,1984,54,1978
54,1978,78,1978,54,1978
54,1978,54,1978,54,1978
243
103,1972,91,1972,91,1966
103,1966,103,1972,91,1966
91,1966,103,1966,91,1966
91,1966,91,1966,91,1966
243
188,1966,151,1966,151,1960
188,1960,188,1966,151,1960
151,1960,188,1960,151,1960
151,1960,151,1960,151,1960
243
285,1972,273,1972,273,1966
285,1966,285,1972,273,1966
273,1966,285,1966,273,1966
273,1966,273,1966,273,1966
241
242
479,1966,461,1966,461,1960
479,1960,479,1966,461,1960
461,1960,479,1960,461,1960
461,1960,461,1960,461,1960
242
485,1972,479,1972,479,1966
485,1966,485,1972,479,1966
479,1966,485,1966,479,1966
479,1966,479,1966,479,1966
243
503,1984,497,1984,497,1978
503,1978,503,1984,497,1978
497,1978,503,1978,497,1978
497,1978,497,1978,497,1978
243
540,1978,521,1978,521,1972
540,1972,540,1978,521,1972
521,1972,540,1972,521,1972
521,1972,521,1972,521,1972
243
564,1972,552,1972,552,1966
564,1966,564,1972,552,1966
552,1966,564,1966,552,1966
552,1966,552,1966,552,1966
243
588,1972,570,1972,570,1966
588,1966,588,1972,570,1966
570,1966,588,1966,570,1966
570,1966,570,1966,570,1966
244
625,1972,606,1972,606,1966
625,1966,625,1972,606,1966
606,1966,625,1966,606,1966
606,1966,606,1966,606,1966
243
594,1929,582,1929,582,1923
606,1917,606,1923,594,1923
588,1917,606,1917,594,1923
588,1923,588,1917,594,1923
582,1923,588,1923,594,1923
594,1929,582,1923,594,1923
244
618,1929,594,1929,594,1923
612,1923,618,1923,618,1929
606,1917,612,1917,612,1923
606,1923,606,1917,612,1923
594,1923,606,1923,612,1923
618,1929,594,1923,612,1923
244
649,1966,625,1966,625,1960
649,1960,649,1966,625,1960
625,1960,649,1960,625,1960
625,1960,625,1960,625,1960
243
661,1966,649,1966,649,1960
661,1960,661,1966,649,1960
649,1960,661,1960,649,1960
649,1960,649,1960,649,1960
243
667,1972,661,1972,661,1966
673,1972,667,1972,661,1966
673,1966,673,1972,661,1966
661,1966,673,1966,661,1966
661,1966,661,1966,661,1966
243
631,1929,618,1929,618,1923
625,1923,631,1923,631,1929
618,1923,625,1923,631,1929
631,1929,618,1923,631,1929
242
631,1923,625,1923,625,1917
631,1917,631,1923,625,1917
625,1917,631,1917,625,1917
625,1917,625,1917,625,1917
244
716,1972,709,1972,709,1966
716,1966,716,1972,709,1966
709,1966,716,1966,709,1966
709,1966,709,1966,709,1966
244
740,1966,728,1966,728,1960
740,1960,740,1966,728,1960
728,1960,740,1960,728,1960
728,1960,728,1960,728,1960
243
794,1990,788,1990,788,1984
794,1984,794,1990,788,1984
788,1984,794,1984,788,1984
788,1984,788,1984,788,1984
243
788,1978,782,1978,782,1972
794,1978,788,1978,782,1972
788,1966,794,1966,794,1978
788,1972,788,1966,794,1978
782,1972,788,1972,794,1978
794,1978,782,1972,794,1978
243
776,1960,770,1960,770,1953
776,1953,776,1960,770,1953
770,1953,776,1953,770,1953
770,1953,770,1953,770,1953
243
825,1984,819,1984,819,1978
825,1978,825,1984,819,1978
819,1978,825,1978,819,1978
819,1978,819,1978,819,1978
243
794,1953,788,1953,788,1947
794,1947,794,1953,788,1947
788,1947,794,1947,788,1947
788,1947,788,1947,788,1947
242
800,1953,794,1953,794,1947
800,1947,800,1953,794,1947
794,1947,800,1947,794,1947
794,1947,794,1947,794,1947
242
867,1972,861,1972,861,1966
867,1966,867,1972,861,1966
861,1966,867,1966,861,1966
861,1966,861,1966,861,1966
243
922,1966,898,1966,898,1960
922,1960,922,1966,898,1960
898,1960,922,1960,898,1960
898,1960,898,1960,898,1960
243
940,1960,922,1960,922,1953
940,1953,940,1960,922,1953
922,1953,940,1953,922,1953
922,1953,922,1953,922,1953
243
952,1960,946,1960,946,1953
952,1953,952,1960,946,1953
946,1953,952,1953,946,1953
946,1953,946,1953,946,1953
243
995,1875,995,1881,940,1881
952,1875,995,1875,940,1881
958,1862,952,1875,940,1881
946,1868,946,1862,958,1862
940,1881,940,1868,946,1868
958,1862,940,1881,946,1868
946,1868,958,1862,946,1868
946,1868,946,1868,946,1868
244
995,1875,952,1875,958,1862
995,1868,995,1875,958,1862
1007,1868,995,1868,958,1862
1001,1862,1007,1862,1007,1868
995,1862,1001,1862,1007,1868
970,1862,995,1862,1007,1868
964,1862,970,1862,1007,1868
958,1862,964,1862,1007,1868
1007,1868,958,1862,1007,1868
243
964,1862,958,1862,958,1856
964,1856,964,1862,958,1856
958,1856,964,1856,958,1856
958,1856,958,1856,958,1856
243
995,1862,970,1862,970,1856
995,1856,995,1862,970,1856
970,1856,995,1856,970,1856
970,1856,970,1856,970,1856
242
1001,1881,995,1881,995,1875
1001,1875,1001,1881,995,1875
995,1875,1001,1875,995,1875
995,1875,995,1875,995,1875
243
1049,1923,1043,1923,1043,1917
1049,1917,1049,1923,1043,1917
1043,1917,1049,1917,1043,1917
1043,1917,1043,1917,1043,1917
243
1019,1868,1007,1868,1007,1862
1013,1862,1019,1862,1019,1868
1007,1862,1013,1862,1019,1868
1019,1868,1007,1862,1019,1868
242
1061,1917,1049,1917,1049,1911
1061,1911,1061,1917,1049,1911
1049,1911,1061,1911,1049,1911
1049,1911,1049,1911,1049,1911
242
1001,1862,995,1862,995,1856
1001,1856,1001,1862,995,1856
995,1856,1001,1856,995,1856
995,1856,995,1856,995,1856
243
1007,1862,1001,1862,1001,1856
1007,1856,1007,1862,1001,1856
1001,1856,1007,1856,1001,1856
1001,1856,1001,1856,1001,1856
243
1086,1917,1061,1917,1061,1911
1086,1911,1086,1917,1061,1911
1061,1911,1086,1911,1061,1911
1061,1911,1061,1911,1061,1911
242
1013,1862,1007,1862,1007,1856
1013,1856,1013,1862,1007,1856
1007,1856,1013,1856,1007,1856
1007,1856,1007,1856,1007,1856
243
1189,1911,1183,1911,1183,1905
1189,1905,1189,1911,1183,1905
1183,1905,1189,1905,1183,1905
1183,1905,1183,1905,1183,1905
244
1201,1911,1189,1911,1189,1905
1201,1905,1201,1911,1189,1905
1189,1905,1201,1905,1189,1905
1189,1905,1189,1905,1189,1905
244
1231,1917,1201,1917,1201,1911
1231,1911,1231,1917,1201,1911
1201,1911,1231,1911,1201,1911
1201,1911,1201,1911,1201,1911
242
1177,1844,1171,1844,1171,1838
1177,1838,1177,1844,1171,1838
1171,1838,1177,1838,1171,1838
1171,1838,1171,1838,1171,1838
242
1171,1838,1165,1838,1165,1832
1171,1832,1171,1838,1165,1832
1165,1832,1171,1832,1165,1832
1165,1832,1165,1832,1165,1832
243
1274,1917,1250,1917,1250,1911
1274,1911,1274,1917,1250,1911
1250,1911,1274,1911,1250,1911
1250,1911,1250,1911,1250,1911
243
1177,1838,1171,1838,1171,1832
1177,1832,1177,1838,1171,1832
1171,1832,1177,1832,1171,1832
1171,1832,1171,1832,1171,1832
242
243
1286,1923,1280,1923,1280,1917
1286,1917,1286,1923,1280,1917
1280,1917,1286,1917,1280,1917
1280,1917,1280,1917,1280,1917
0
1413,1699,1407,1699,1407,1680
1413,1680,1413,1699,1407,1680
1407,1680,1413,1680,1407,1680
1407,1680,1407,1680,1407,1680