2112
940,3288,0,2518,0,1426
2014,2160,2020,2160,940,3288
2014,2154,2014,2160,940,3288
2008,2154,2014,2154,940,3288
2008,2148,2008,2154,940,3288
1996,2154,1996,2148,2008,2148
1984,2148,1990,2148,1990,2154
1984,2135,1984,2142,1984,2148
1990,2129,1990,2135,1984,2135
1996,2123,1996,2129,1990,2129
2008,2123,2002,2123,1996,2123
2014,2135,2008,2135,2008,2123
2020,2148,2014,2148,2014,2135
2949,618,2020,2148,2014,2135
1571,643,2949,618,2014,2135
1517,649,1571,643,2014,2135
637,995,1262,728,1517,649
0,1426,637,995,1517,649
940,3288,0,1426,1517,649
1996,2154,2008,2148,940,3288
1990,2154,1996,2154,940,3288
1984,2148,1990,2154,940,3288
1984,2135,1984,2148,940,3288
1996,2123,1990,2129,1984,2135
1517,649,2014,2135,2008,2123
1984,2135,940,3288,1517,649
1996,2123,1984,2135,1517,649
2008,2123,1996,2123,1517,649
1517,649,2008,2123,1517,649
1517,649,1517,649,1517,649
1600
2718,3659,1686,3841,940,3288
2718,3659,2718,3659,940,3288
3203,3549,2718,3659,940,3288
2220,2366,2220,2360,3203,3549
2202,2366,2220,2366,3203,3549
2196,2360,2202,2360,2202,2366
2190,2324,2196,2324,2196,2330
2184,2311,2190,2311,2190,2318
2190,2287,2190,2293,2184,2293
2196,2281,2196,2287,2190,2287
2202,2275,2202,2281,2196,2281
2196,2275,2202,2275,2196,2281
2105,2251,2196,2263,2196,2269
2129,2202,2135,2202,2105,2251
2129,2196,2129,2202,2105,2251
2123,2196,2129,2196,2105,2251
2123,2190,2123,2196,2105,2251
2123,2184,2123,2190,2105,2251
2135,2184,2129,2184,2123,2184
2135,2196,2135,2190,2135,2184
2142,2196,2135,2196,2135,2184
2142,2190,2142,2196,2135,2184
2148,2190,2142,2190,2135,2184
3246,758,2148,2190,2135,2184
3021,606,3246,758,2135,2184
2949,618,3021,606,2135,2184
2026,2148,2020,2148,2949,618
2026,2154,2026,2148,2949,618
2026,2160,2026,2154,2949,618
940,3288,2020,2160,2026,2160
3203,3549,940,3288,2026,2160
2196,2360,2202,2366,3203,3549
2190,2324,2196,2330,2196,2348
2184,2311,2190,2318,2190,2324
2196,2281,2190,2287,2184,2293
2196,2275,2196,2281,2184,2293
2196,2269,2196,2275,2184,2293
2105,2251,2196,2269,2184,2293
2949,618,2135,2184,2123,2184
2026,2160,2949,618,2123,2184
2196,2360,3203,3549,2026,2160
2196,2348,2196,2354,2196,2360
2190,2324,2196,2348,2196,2360
2184,2311,2190,2324,2196,2360
2105,2251,2184,2293,2184,2299
2026,2160,2123,2184,2105,2251
2196,2360,2026,2160,2105,2251
2184,2311,2196,2360,2105,2251
2184,2305,2184,2311,2105,2251
2184,2299,2184,2305,2105,2251
2105,2251,2184,2299,2105,2251
2105,2251,2105,2251,2105,2251
1760
1025,4096,0,4096,0,3398
1067,3962,1025,4096,0,3398
3452,4096,1474,4096,1067,3962
2718,3659,3203,3549,3452,4096
1686,3841,2718,3659,3452,4096
588,3701,940,3288,1686,3841
1067,3962,0,3398,588,3701
3452,4096,1067,3962,588,3701
1686,3841,3452,4096,588,3701
588,3701,1686,3841,588,3701
588,3701,588,3701,588,3701
2304
612,782,0,855,0,0
612,0,612,782,0,0
0,0,612,0,0,0
0,0,0,0,0,0
2368
637,995,0,1426,0,855
612,782,637,995,0,855
0,855,612,782,0,855
0,855,0,855,0,855
320
3021,606,2949,618,1571,643
3052,509,3021,606,1571,643
2281,564,3052,509,1571,643
1875,570,2281,564,1571,643
1583,631,1583,625,1875,570
1577,637,1577,631,1583,631
1571,643,1571,637,1577,637
1875,570,1571,643,1577,637
1583,631,1875,570,1577,637
1577,637,1583,631,1577,637
1577,637,1577,637,1577,637
256
1875,570,1583,625,1474,0
2281,564,1875,570,1474,0
3052,509,2281,564,1474,0
3052,503,3052,509,1474,0
3052,497,3052,503,1474,0
3058,497,3052,497,1474,0
3149,0,3058,497,1474,0
1474,0,3149,0,1474,0
1474,0,1474,0,1474,0
2304
3313,449,3058,497,3149,0
3337,0,3313,449,3149,0
3149,0,3337,0,3149,0
3149,0,3149,0,3149,0
2320
3410,515,3313,449,3337,0
4096,151,3410,515,3337,0
4096,0,4096,151,3337,0
3337,0,4096,0,3337,0
3337,0,3337,0,3337,0
2336
3549,661,3543,661,3410,515
4096,224,3549,661,3410,515
4096,151,4096,224,3410,515
3410,515,4096,151,3410,515
3410,515,3410,515,3410,515
2368
3246,758,3021,606,3052,509
3331,831,3246,758,3052,509
3543,661,3331,831,3052,509
3410,515,3543,661,3052,509
3313,449,3410,515,3052,509
3058,503,3058,497,3313,449
3052,509,3052,503,3058,503
3313,449,3052,509,3058,503
2272
588,3701,0,3398,0,2518
940,3288,588,3701,0,2518
0,2518,940,3288,0,2518
0,2518,0,2518,0,2518
480
1474,4096,1025,4096,1067,3962
1067,3962,1474,4096,1067,3962
1067,3962,1067,3962,1067,3962
1761
1761
480
4096,4096,3452,4096,3203,3549
4096,3798,4096,4096,3203,3549
3677,3507,4096,3798,3203,3549
3671,3507,3677,3507,3203,3549
3203,3549,3671,3507,3203,3549
3203,3549,3203,3549,3203,3549
1760
4096,3798,3677,3507,4096,3477
4096,3477,4096,3798,4096,3477
4096,3477,4096,3477,4096,3477
1600
3677,3507,3671,3507,2263,2336
4096,3477,3677,3507,2263,2336
4096,2852,4096,3477,2263,2336
4023,2536,4096,2852,2263,2336
2287,2318,2281,2318,2281,2311
2275,2330,2281,2330,2287,2330
2275,2336,2275,2330,2287,2330
2263,2336,2269,2336,2275,2336
4023,2536,2263,2336,2275,2336
2287,2318,2281,2311,4023,2536
2287,2330,2287,2318,4023,2536
2275,2336,2287,2330,4023,2536
4023,2536,2275,2336,4023,2536
320
2196,2257,2196,2263,2105,2251
2202,2257,2196,2257,2105,2251
2208,2257,2202,2257,2105,2251
2214,2263,2208,2263,2208,2257
2220,2263,2214,2263,2208,2257
2233,2269,2220,2269,2220,2263
2239,2269,2233,2269,2220,2263
2245,2275,2239,2275,2239,2269
2251,2275,2245,2275,2239,2269
2257,2281,2251,2281,2251,2275
2263,2281,2257,2281,2251,2275
2263,2299,2263,2287,2263,2281
2269,2299,2263,2299,2263,2281
2275,2299,2269,2299,2263,2281
2275,2311,2275,2305,2275,2299
2281,2311,2275,2311,2275,2299
4023,2536,2281,2311,2275,2299
3859,1814,4023,2536,2275,2299
3786,1632,3859,1814,2275,2299
3331,831,3786,1632,2275,2299
3246,758,3331,831,2275,2299
2154,2190,2148,2190,3246,758
2160,2190,2154,2190,3246,758
2160,2196,2160,2190,3246,758
2166,2196,2160,2196,3246,758
2172,2196,2166,2196,3246,758
2172,2202,2172,2196,3246,758
2178,2202,2172,2202,3246,758
2184,2202,2178,2202,3246,758
2184,2208,2184,2202,3246,758
2178,2214,2178,2208,2184,2208
2160,2220,2160,2214,2166,2214
2148,2220,2154,2220,2160,2220
2142,2208,2148,2208,2148,2220
2135,2202,2142,2202,2142,2208
2105,2251,2135,2202,2142,2208
2239,2269,2220,2263,2208,2257
2263,2281,2251,2275,2239,2269
3246,758,2275,2299,2263,2281
2184,2208,3246,758,2263,2281
2178,2214,2184,2208,2263,2281
2172,2214,2178,2214,2263,2281
2166,2214,2172,2214,2263,2281
2160,2220,2166,2214,2263,2281
2148,2220,2160,2220,2263,2281
2105,2251,2142,2208,2148,2220
2208,2257,2105,2251,2148,2220
2239,2269,2208,2257,2148,2220
2263,2281,2239,2269,2148,2220
2148,2220,2263,2281,2148,2220
2148,2220,2148,2220,2148,2220
2624
3968,1474,3786,1632,3331,831
3968,1468,3968,1474,3331,831
3549,661,3968,1468,3331,831
3543,661,3549,661,3331,831
3331,831,3543,661,3331,831
3331,831,3331,831,3331,831
1856
4053,1686,3859,1814,3786,1632
3968,1474,4053,1686,3786,1632
3786,1632,3968,1474,3786,1632
3786,1632,3786,1632,3786,1632
832
4096,2852,4023,2536,3859,1814
4096,1735,4096,2852,3859,1814
4077,1735,4096,1735,3859,1814
4071,1693,4077,1735,3859,1814
4065,1693,4071,1693,3859,1814
4065,1686,4065,1693,3859,1814
4053,1686,4065,1686,3859,1814
3859,1814,4053,1686,3859,1814
3859,1814,3859,1814,3859,1814
1824
4053,1686,3968,1474,3968,1468
4065,1686,4053,1686,3968,1468
4096,1668,4065,1686,3968,1468
4096,1395,4096,1668,3968,1468
3968,1468,4096,1395,3968,1468
3968,1468,3968,1468,3968,1468
2592
3968,1468,3549,661,4096,224
4096,1395,3968,1468,4096,224
4096,224,4096,1395,4096,224
4096,224,4096,224,4096,224
800
4071,1693,4065,1693,4065,1686
4096,1735,4077,1735,4071,1693
4096,1668,4096,1735,4071,1693
4065,1686,4096,1668,4071,1693
4071,1693,4065,1686,4071,1693
322
2154,2196,2148,2196,2148,2190
2154,2190,2154,2196,2148,2190
2148,2190,2154,2190,2148,2190
2148,2190,2148,2190,2148,2190
323
2154,2202,2148,2202,2148,2196
2154,2196,2154,2202,2148,2196
2148,2196,2154,2196,2148,2196
2148,2196,2148,2196,2148,2196
324
2154,2208,2148,2208,2148,2202
2154,2202,2154,2208,2148,2202
2148,2202,2154,2202,2148,2202
2148,2202,2148,2202,2148,2202
327
2160,2208,2154,2208,2154,2202
2160,2202,2160,2208,2154,2202
2154,2202,2160,2202,2154,2202
2154,2202,2154,2202,2154,2202
328
2160,2214,2154,2214,2154,2208
2160,2208,2160,2214,2154,2208
2154,2208,2160,2208,2154,2208
2154,2208,2154,2208,2154,2208
328
2166,2208,2160,2208,2160,2202
2172,2214,2166,2214,2166,2208
2172,2208,2172,2214,2166,2208
2172,2202,2172,2208,2166,2208
2166,2202,2172,2202,2166,2208
2160,2202,2166,2202,2166,2208
2166,2208,2160,2202,2166,2208
325
2160,2202,2154,2202,2154,2196
2160,2196,2160,2202,2154,2196
2154,2196,2160,2196,2154,2196
2154,2196,2154,2196,2154,2196
322
2148,2202,2142,2202,2142,2196
2148,2196,2148,2202,2142,2196
2142,2196,2148,2196,2142,2196
2142,2196,2142,2196,2142,2196
326
2166,2202,2160,2202,2160,2196
2166,2196,2166,2202,2160,2196
2160,2196,2166,2196,2160,2196
2160,2196,2160,2196,2160,2196
324
2160,2196,2154,2196,2154,2190
2160,2190,2160,2196,2154,2190
2154,2190,2160,2190,2154,2190
2154,2190,2154,2190,2154,2190
321
2148,2208,2142,2208,2142,2202
2148,2202,2148,2208,2142,2202
2142,2202,2148,2202,2142,2202
2142,2202,2142,2202,2142,2202
325
2154,2220,2148,2220,2148,2208
2154,2214,2154,2220,2148,2208
2154,2208,2154,2214,2148,2208
2148,2208,2154,2208,2148,2208
2148,2208,2148,2208,2148,2208
325
2178,2208,2172,2208,2172,2202
2178,2202,2178,2208,2172,2202
2172,2202,2178,2202,2172,2202
2172,2202,2172,2202,2172,2202
325
2172,2202,2166,2202,2166,2196
2172,2196,2172,2202,2166,2196
2166,2196,2172,2196,2166,2196
2166,2196,2166,2196,2166,2196
329
2166,2214,2160,2214,2160,2208
2166,2208,2166,2214,2160,2208
2160,2208,2166,2208,2160,2208
2160,2208,2160,2208,2160,2208
327
2160,2220,2154,2220,2154,2214
2160,2214,2160,2220,2154,2214
2154,2214,2160,2214,2154,2214
2154,2214,2154,2214,2154,2214
323
2184,2208,2178,2208,2178,2202
2184,2202,2184,2208,2178,2202
2178,2202,2184,2202,2178,2202
2178,2202,2178,2202,2178,2202
326
2178,2214,2172,2214,2172,2208
2178,2208,2178,2214,2172,2208
2172,2208,2178,2208,2172,2208
2172,2208,2172,2208,2172,2208
324
2196,2269,2196,2263,2196,2257
2202,2269,2196,2269,2196,2257
2202,2263,2202,2269,2196,2257
2202,2257,2202,2263,2196,2257
2196,2257,2202,2257,2196,2257
2196,2257,2196,2257,2196,2257
326
2208,2269,2202,2269,2202,2263
2208,2263,2208,2269,2202,2263
2202,2263,2208,2263,2202,2263
2202,2263,2202,2263,2202,2263
325
2208,2275,2202,2275,2202,2269
2214,2275,2208,2275,2202,2269
2208,2269,2214,2269,2214,2275
2202,2269,2208,2269,2214,2275
2214,2275,2202,2269,2214,2275
1605
2214,2281,2208,2281,2208,2275
2214,2275,2214,2281,2208,2275
2208,2275,2214,2275,2208,2275
2208,2275,2208,2275,2208,2275
1606
2208,2293,2208,2287,2208,2281
2214,2293,2208,2293,2208,2281
2214,2287,2214,2293,2208,2281
2220,2287,2214,2287,2208,2281
2214,2281,2220,2281,2220,2287
2208,2281,2214,2281,2220,2287
2220,2287,2208,2281,2220,2287
1607
2214,2299,2208,2299,2208,2293
2214,2293,2214,2299,2208,2293
2208,2293,2214,2293,2208,2293
2208,2293,2208,2293,2208,2293
327
2202,2311,2202,2305,2202,2299
2208,2311,2202,2311,2202,2299
2208,2305,2208,2311,2202,2299
2214,2305,2208,2305,2202,2299
2208,2299,2214,2299,2214,2305
2202,2299,2208,2299,2214,2305
2214,2305,2202,2299,2214,2305
328
2202,2348,2202,2330,2202,2311
2208,2348,2202,2348,2202,2311
2220,2342,2220,2348,2208,2348
2208,2342,2220,2342,2208,2348
2214,2311,2214,2318,2208,2318
2227,2305,2227,2311,2220,2311
2214,2305,2227,2305,2220,2311
2208,2305,2214,2305,2220,2311
2208,2342,2208,2348,2202,2311
2208,2318,2208,2342,2202,2311
2208,2305,2220,2311,2214,2311
2208,2311,2208,2305,2214,2311
2202,2311,2208,2311,2214,2311
2208,2318,2202,2311,2214,2311
327
2214,2354,2208,2354,2208,2348
2220,2354,2214,2354,2208,2348
2220,2348,2220,2354,2208,2348
2208,2348,2220,2348,2208,2348
2208,2348,2208,2348,2208,2348
1606
2214,2360,2208,2360,2208,2354
2214,2354,2214,2360,2208,2354
2208,2354,2214,2354,2208,2354
2208,2354,2208,2354,2208,2354
1605
2208,2360,2202,2360,2202,2354
2208,2354,2208,2360,2202,2354
2202,2354,2208,2354,2202,2354
2202,2354,2202,2354,2202,2354
1605
2220,2360,2214,2360,2214,2354
2220,2354,2220,2360,2214,2354
2214,2354,2220,2354,2214,2354
2214,2354,2214,2354,2214,2354
325
2227,2354,2220,2354,2220,2348
2227,2348,2227,2354,2220,2348
2220,2348,2227,2348,2220,2348
2220,2348,2220,2348,2220,2348
320
3203,3549,2220,2360,2220,2354
3671,3507,3203,3549,2220,2354
2257,2336,2263,2336,3671,3507
2257,2342,2257,2336,3671,3507
2251,2342,2257,2342,3671,3507
2245,2342,2251,2342,3671,3507
2239,2342,2245,2342,3671,3507
2239,2348,2239,2342,3671,3507
2233,2348,2239,2348,3671,3507
2227,2348,2233,2348,3671,3507
2227,2354,2227,2348,3671,3507
2220,2354,2227,2354,3671,3507
3671,3507,2220,2354,3671,3507
1606
2251,2330,2251,2324,2251,2305
2257,2330,2251,2330,2251,2305
2263,2336,2257,2336,2257,2330
2263,2324,2263,2336,2257,2330
2257,2324,2263,2324,2257,2330
2257,2305,2257,2324,2257,2330
2251,2305,2257,2305,2257,2330
2257,2330,2251,2305,2257,2330
326
2257,2305,2251,2305,2251,2281
2257,2299,2257,2305,2251,2281
2257,2287,2257,2299,2251,2281
2257,2281,2257,2287,2251,2281
2251,2281,2257,2281,2251,2281
2251,2281,2251,2281,2251,2281
327
2251,2305,2245,2305,2245,2299
2251,2281,2251,2305,2245,2299
2245,2287,2245,2281,2251,2281
2245,2293,2245,2287,2251,2281
2245,2299,2245,2293,2251,2281
2251,2281,2245,2299,2251,2281
2251,2281,2251,2281,2251,2281
1608
2214,2305,2214,2299,2214,2293
2227,2305,2214,2305,2214,2293
2233,2311,2227,2311,2227,2305
2239,2311,2233,2311,2227,2305
2245,2318,2239,2318,2239,2311
2245,2305,2245,2318,2239,2311
2245,2299,2245,2305,2239,2311
2239,2299,2245,2299,2239,2311
2233,2299,2239,2299,2239,2311
2227,2299,2233,2299,2239,2311
2220,2293,2227,2293,2227,2299
2214,2293,2220,2293,2227,2299
2227,2305,2214,2293,2227,2299
2239,2311,2227,2305,2227,2299
2227,2299,2239,2311,2227,2299
2227,2299,2227,2299,2227,2299
1609
2227,2293,2220,2293,2220,2287
2227,2287,2227,2293,2220,2287
2220,2287,2227,2287,2220,2287
2220,2287,2220,2287,2220,2287
330
2233,2293,2227,2293,2227,2287
2239,2293,2233,2293,2227,2287
2239,2287,2239,2293,2227,2287
2227,2287,2239,2287,2227,2287
2227,2287,2227,2287,2227,2287
328
2239,2287,2227,2287,2227,2281
2245,2287,2239,2287,2227,2281
2245,2281,2245,2287,2227,2281
2227,2281,2245,2281,2227,2281
2227,2281,2227,2281,2227,2281
327
2245,2281,2227,2281,2227,2275
2239,2275,2245,2275,2245,2281
2233,2275,2239,2275,2245,2281
2227,2275,2233,2275,2245,2281
2245,2281,2227,2275,2245,2281
326
2214,2281,2214,2275,2214,2269
2220,2281,2214,2281,2214,2269
2227,2281,2220,2281,2214,2269
2227,2275,2227,2281,2214,2269
2233,2275,2227,2275,2214,2269
2220,2269,2233,2269,2233,2275
2214,2269,2220,2269,2233,2275
2233,2275,2214,2269,2233,2275
329
2233,2318,2227,2318,2227,2311
2233,2311,2233,2318,2227,2311
2227,2311,2233,2311,2227,2311
2227,2311,2227,2311,2227,2311
330
2233,2324,2227,2324,2227,2318
2233,2318,2233,2324,2227,2318
2227,2318,2233,2318,2227,2318
2227,2318,2227,2318,2227,2318
329
2233,2330,2227,2330,2227,2324
2233,2324,2233,2330,2227,2324
2227,2324,2233,2324,2227,2324
2227,2324,2227,2324,2227,2324
328
2233,2336,2227,2336,2227,2330
2233,2330,2233,2336,2227,2330
2227,2330,2233,2330,2227,2330
2227,2330,2227,2330,2227,2330
327
2233,2342,2227,2342,2227,2336
2233,2336,2233,2342,2227,2336
2227,2336,2233,2336,2227,2336
2227,2336,2227,2336,2227,2336
325
2239,2342,2233,2342,2233,2336
2245,2342,2239,2342,2233,2336
2239,2336,2245,2336,2245,2342
2233,2336,2239,2336,2245,2342
2245,2342,2233,2336,2245,2342
326
2245,2336,2239,2336,2239,2330
2251,2342,2245,2342,2245,2336
2251,2336,2251,2342,2245,2336
2257,2336,2251,2336,2245,2336
2257,2330,2257,2336,2245,2336
2251,2330,2257,2330,2245,2336
2239,2330,2251,2330,2245,2336
2245,2336,2239,2330,2245,2336
327
2251,2330,2239,2330,2239,2324
2245,2324,2251,2324,2251,2330
2239,2324,2245,2324,2251,2330
2251,2330,2239,2324,2251,2330
328
2227,2342,2220,2342,2220,2336
2227,2336,2227,2342,2220,2336
2220,2336,2227,2336,2220,2336
2220,2336,2220,2336,2220,2336
327
2239,2336,2233,2336,2233,2330
2239,2330,2239,2336,2233,2330
2233,2330,2239,2330,2233,2330
2233,2330,2233,2330,2233,2330
329
2227,2336,2220,2336,2220,2330
2227,2330,2227,2336,2220,2330
2220,2330,2227,2330,2220,2330
2220,2330,2220,2330,2220,2330
330
2220,2336,2214,2336,2214,2330
2220,2330,2220,2336,2214,2330
2214,2330,2220,2330,2214,2330
2214,2330,2214,2330,2214,2330
331
2220,2330,2214,2330,2214,2324
2227,2330,2220,2330,2214,2324
2227,2318,2227,2324,2227,2330
2220,2318,2227,2318,2227,2330
2220,2324,2220,2318,2227,2330
2214,2324,2220,2324,2227,2330
2227,2330,2214,2324,2227,2330
330
2220,2324,2214,2324,2214,2318
2220,2318,2220,2324,2214,2318
2214,2318,2220,2318,2214,2318
2214,2318,2214,2318,2214,2318
328
2239,2330,2233,2330,2233,2324
2239,2324,2239,2330,2233,2324
2233,2324,2239,2324,2233,2324
2233,2324,2233,2324,2233,2324
329
2239,2324,2233,2324,2233,2318
2239,2318,2239,2324,2233,2318
2233,2318,2239,2318,2233,2318
2233,2318,2233,2318,2233,2318
328
2245,2324,2239,2324,2239,2318
2245,2318,2245,2324,2239,2318
2239,2318,2245,2318,2239,2318
2239,2318,2239,2318,2239,2318
1609
2239,2318,2233,2318,2233,2311
2239,2311,2239,2318,2233,2311
2233,2311,2239,2311,2233,2311
2233,2311,2233,2311,2233,2311
1610
2233,2299,2227,2299,2227,2293
2233,2293,2233,2299,2227,2293
2227,2293,2233,2293,2227,2293
2227,2293,2227,2293,2227,2293
329
2239,2299,2233,2299,2233,2293
2239,2293,2239,2299,2233,2293
2233,2293,2239,2293,2233,2293
2233,2293,2233,2293,2233,2293
328
2245,2299,2239,2299,2239,2293
2245,2293,2245,2299,2239,2293
2239,2293,2245,2293,2239,2293
2239,2293,2239,2293,2239,2293
329
2245,2293,2239,2293,2239,2287
2245,2287,2245,2293,2239,2287
2239,2287,2245,2287,2239,2287
2239,2287,2239,2287,2239,2287
324
2263,2305,2257,2305,2257,2299
2263,2299,2263,2305,2257,2299
2257,2299,2263,2299,2257,2299
2257,2299,2257,2299,2257,2299
1605
2263,2324,2257,2324,2257,2305
2263,2311,2263,2324,2257,2305
2263,2305,2263,2311,2257,2305
2257,2305,2263,2305,2257,2305
2257,2305,2257,2305,2257,2305
1604
2269,2324,2263,2324,2263,2311
2275,2336,2269,2336,2269,2324
2275,2330,2275,2336,2269,2324
2281,2330,2275,2330,2269,2324
2275,2324,2281,2324,2281,2330
2269,2318,2275,2318,2275,2324
2263,2311,2269,2311,2269,2318
2269,2324,2263,2311,2269,2318
2275,2324,2281,2330,2269,2324
2269,2318,2275,2324,2269,2324
2269,2324,2269,2318,2269,2324
1603
2275,2318,2269,2318,2269,2311
2275,2311,2275,2318,2269,2311
2269,2311,2275,2311,2269,2311
2269,2311,2269,2311,2269,2311
1603
2281,2324,2275,2324,2275,2318
2281,2318,2281,2324,2275,2318
2275,2318,2281,2318,2275,2318
2275,2318,2275,2318,2275,2318
1603
2269,2311,2263,2311,2263,2305
2269,2305,2269,2311,2263,2305
2263,2305,2269,2305,2263,2305
2263,2305,2263,2305,2263,2305
1607
2245,2324,2245,2318,2245,2305
2251,2324,2245,2324,2245,2305
2251,2305,2251,2324,2245,2305
2245,2305,2251,2305,2245,2305
2245,2305,2245,2305,2245,2305
1605
2269,2336,2263,2336,2263,2324
2269,2324,2269,2336,2263,2324
2263,2324,2269,2324,2263,2324
2263,2324,2263,2324,2263,2324
325
2257,2342,2251,2342,2251,2336
2257,2336,2257,2342,2251,2336
2251,2336,2257,2336,2251,2336
2251,2336,2251,2336,2251,2336
324
2239,2348,2233,2348,2233,2342
2239,2342,2239,2348,2233,2342
2233,2342,2239,2342,2233,2342
2233,2342,2233,2342,2233,2342
325
2233,2348,2227,2348,2227,2342
2233,2342,2233,2348,2227,2342
2227,2342,2233,2342,2227,2342
2227,2342,2227,2342,2227,2342
329
2220,2336,2220,2342,2208,2342
2214,2336,2220,2336,2208,2342
2214,2330,2214,2336,2208,2342
2214,2324,2214,2330,2208,2342
2214,2318,2214,2324,2208,2342
2208,2318,2214,2318,2208,2342
2208,2342,2208,2318,2208,2342
327
2227,2348,2220,2348,2220,2342
2227,2342,2227,2348,2220,2342
2220,2342,2227,2342,2220,2342
2220,2342,2220,2342,2220,2342
1607
2208,2354,2202,2354,2202,2348
2208,2348,2208,2354,2202,2348
2202,2348,2208,2348,2202,2348
2202,2348,2202,2348,2202,2348
330
2227,2318,2220,2318,2220,2311
2227,2311,2227,2318,2220,2311
2220,2311,2227,2311,2220,2311
2220,2311,2220,2311,2220,2311
327
2202,2330,2196,2330,2196,2324
2202,2311,2202,2330,2196,2324
2196,2318,2196,2311,2202,2311
2196,2324,2196,2318,2202,2311
2202,2311,2196,2324,2202,2311
2202,2311,2202,2311,2202,2311
329
2220,2318,2214,2318,2214,2311
2220,2311,2220,2318,2214,2311
2214,2311,2220,2311,2214,2311
2214,2311,2214,2311,2214,2311
1607
2202,2311,2196,2311,2196,2305
2202,2305,2202,2311,2196,2305
2196,2305,2202,2305,2196,2305
2196,2305,2196,2305,2196,2305
1606
2190,2318,2190,2311,2190,2305
2196,2318,2190,2318,2190,2305
2196,2311,2196,2318,2190,2305
2196,2305,2196,2311,2190,2305
2190,2305,2196,2305,2190,2305
2190,2305,2190,2305,2190,2305
1608
2196,2305,2190,2305,2190,2299
2202,2305,2196,2305,2190,2299
2196,2299,2202,2299,2202,2305
2190,2299,2196,2299,2202,2305
2202,2305,2190,2299,2202,2305
1606
2202,2299,2196,2299,2196,2293
2208,2299,2202,2299,2196,2293
2208,2293,2208,2299,2196,2293
2196,2293,2208,2293,2196,2293
2196,2293,2196,2293,2196,2293
1605
2208,2293,2196,2293,2196,2287
2202,2287,2208,2287,2208,2293
2196,2287,2202,2287,2208,2293
2208,2293,2196,2287,2208,2293
1605
2196,2299,2190,2299,2190,2293
2196,2293,2196,2299,2190,2293
2190,2293,2196,2293,2190,2293
2190,2293,2190,2293,2190,2293
1607
2220,2293,2214,2293,2214,2287
2220,2287,2220,2293,2214,2287
2214,2287,2220,2287,2214,2287
2214,2287,2214,2287,2214,2287
327
2227,2287,2220,2287,2220,2281
2227,2281,2227,2287,2220,2281
2220,2281,2227,2281,2220,2281
2220,2281,2220,2281,2220,2281
1604
2202,2287,2202,2281,2202,2275
2208,2287,2202,2287,2202,2275
2208,2281,2208,2287,2202,2275
2208,2275,2208,2281,2202,2275
2202,2275,2208,2275,2202,2275
2202,2275,2202,2275,2202,2275
327
2214,2269,2208,2269,2208,2263
2214,2263,2214,2269,2208,2263
2208,2263,2214,2263,2208,2263
2208,2263,2208,2263,2208,2263
325
2208,2263,2202,2263,2202,2257
2208,2257,2208,2263,2202,2257
2202,2257,2208,2257,2202,2257
2202,2257,2202,2257,2202,2257
325
2220,2269,2214,2269,2214,2263
2220,2263,2220,2269,2214,2263
2214,2263,2220,2263,2214,2263
2214,2263,2214,2263,2214,2263
325
2239,2275,2233,2275,2233,2269
2239,2269,2239,2275,2233,2269
2233,2269,2239,2269,2233,2269
2233,2269,2233,2269,2233,2269
326
2251,2281,2245,2281,2245,2275
2251,2275,2251,2281,2245,2275
2245,2275,2251,2275,2245,2275
2245,2275,2245,2275,2245,2275
324
2263,2287,2257,2287,2257,2281
2263,2281,2263,2287,2257,2281
2257,2281,2263,2281,2257,2281
2257,2281,2257,2281,2257,2281
325
2263,2299,2257,2299,2257,2287
2263,2287,2263,2299,2257,2287
2257,2287,2263,2287,2257,2287
2257,2287,2257,2287,2257,2287
323
2269,2305,2263,2305,2263,2299
2269,2299,2269,2305,2263,2299
2263,2299,2269,2299,2263,2299
2263,2299,2263,2299,2263,2299
321
2275,2305,2269,2305,2269,2299
2275,2299,2275,2305,2269,2299
2269,2299,2275,2299,2269,2299
2269,2299,2269,2299,2269,2299
322
2275,2311,2269,2311,2269,2305
2275,2305,2275,2311,2269,2305
2269,2305,2275,2305,2269,2305
2269,2305,2269,2305,2269,2305
1602
2281,2318,2275,2318,2275,2311
2281,2311,2281,2318,2275,2311
2275,2311,2281,2311,2275,2311
2275,2311,2275,2311,2275,2311
1602
2281,2330,2281,2324,2281,2318
2287,2330,2281,2330,2281,2318
2287,2318,2287,2330,2281,2318
2281,2318,2287,2318,2281,2318
2281,2318,2281,2318,2281,2318
1760
1604
2220,2366,2202,2366,2202,2360
2214,2360,2220,2360,2220,2366
2208,2360,2214,2360,2220,2366
2202,2360,2208,2360,2220,2366
2220,2366,2202,2360,2220,2366
1604
2202,2360,2196,2360,2196,2354
2202,2354,2202,2360,2196,2354
2196,2354,2202,2354,2196,2354
2196,2354,2196,2354,2196,2354
1605
2202,2354,2196,2354,2196,2348
2202,2348,2202,2354,2196,2348
2196,2348,2202,2348,2196,2348
2196,2348,2196,2348,2196,2348
1607
2202,2348,2196,2348,2196,2330
2202,2330,2202,2348,2196,2330
2196,2330,2202,2330,2196,2330
2196,2330,2196,2330,2196,2330
1605
2196,2324,2190,2324,2190,2318
2196,2318,2196,2324,2190,2318
2190,2318,2196,2318,2190,2318
2190,2318,2190,2318,2190,2318
1602
2190,2311,2184,2311,2184,2305
2190,2305,2190,2311,2184,2305
2184,2305,2190,2305,2184,2305
2184,2305,2184,2305,2184,2305
1605
2190,2305,2184,2305,2184,2299
2190,2299,2190,2305,2184,2299
2184,2299,2190,2299,2184,2299
2184,2299,2184,2299,2184,2299
1604
2190,2299,2184,2299,2184,2293
2190,2293,2190,2299,2184,2293
2184,2293,2190,2293,2184,2293
2184,2293,2184,2293,2184,2293
1603
2196,2293,2190,2293,2190,2287
2196,2287,2196,2293,2190,2287
2190,2287,2196,2287,2190,2287
2190,2287,2190,2287,2190,2287
1603
2202,2287,2196,2287,2196,2281
2202,2281,2202,2287,2196,2281
2196,2281,2202,2281,2196,2281
2196,2281,2196,2281,2196,2281
320
2202,2275,2196,2275,2196,2269
2202,2269,2202,2275,2196,2269
2196,2269,2202,2269,2196,2269
2196,2269,2196,2269,2196,2269
1604
2026,2160,2020,2160,2020,2154
2026,2154,2026,2160,2020,2154
2020,2154,2026,2154,2020,2154
2020,2154,2020,2154,2020,2154
1602
2026,2154,2020,2154,2020,2148
2026,2148,2026,2154,2020,2148
2020,2148,2026,2148,2020,2148
2020,2148,2020,2148,2020,2148
1604
2105,2208,2099,2208,2099,2202
2105,2202,2105,2208,2099,2202
2099,2202,2105,2202,2099,2202
2099,2202,2099,2202,2099,2202
1604
2099,2202,2093,2202,2093,2196
2099,2196,2099,2202,2093,2196
2093,2196,2099,2196,2093,2196
2093,2196,2093,2196,2093,2196
1605
2105,2202,2099,2202,2099,2196
2105,2196,2105,2202,2099,2196
2099,2196,2105,2196,2099,2196
2099,2196,2099,2196,2099,2196
1602
2075,2172,2069,2172,2069,2166
2075,2166,2075,2172,2069,2166
2069,2166,2075,2166,2069,2166
2069,2166,2069,2166,2069,2166
1605
2129,2202,2129,2196,2129,2190
2135,2202,2129,2202,2129,2190
2135,2196,2135,2202,2129,2190
2135,2190,2135,2196,2129,2190
2129,2190,2135,2190,2129,2190
2129,2190,2129,2190,2129,2190
1603
2081,2172,2075,2172,2075,2166
2081,2166,2081,2172,2075,2166
2075,2166,2081,2166,2075,2166
2075,2166,2075,2166,2075,2166
1604
2129,2196,2123,2196,2123,2190
2129,2190,2129,2196,2123,2190
2123,2190,2129,2190,2123,2190
2123,2190,2123,2190,2123,2190
1604
2099,2178,2093,2178,2093,2172
2099,2172,2099,2178,2093,2172
2093,2172,2099,2172,2093,2172
2093,2172,2093,2172,2093,2172
1606
2105,2178,2099,2178,2099,2172
2105,2172,2105,2178,2099,2172
2099,2172,2105,2172,2099,2172
2099,2172,2099,2172,2099,2172
1605
2111,2178,2105,2178,2105,2172
2111,2172,2111,2178,2105,2172
2105,2172,2111,2172,2105,2172
2105,2172,2105,2172,2105,2172
1601
2142,2202,2135,2202,2135,2196
2142,2196,2142,2202,2135,2196
2135,2196,2142,2196,2135,2196
2135,2196,2135,2196,2135,2196
1603
2129,2190,2123,2190,2123,2184
2129,2184,2129,2190,2123,2184
2123,2184,2129,2184,2123,2184
2123,2184,2123,2184,2123,2184
1604
2135,2190,2129,2190,2129,2184
2135,2184,2135,2190,2129,2184
2129,2184,2135,2184,2129,2184
2129,2184,2129,2184,2129,2184
320
2148,2196,2142,2196,2142,2190
2148,2190,2148,2196,2142,2190
2142,2190,2148,2190,2142,2190
2142,2190,2142,2190,2142,2190
2304
3058,503,3052,503,3052,497
3058,497,3058,503,3052,497
3052,497,3058,497,3052,497
3052,497,3052,497,3052,497
1536
1571,637,1517,637,1316,0
1577,637,1571,637,1316,0
1577,631,1577,637,1316,0
1577,625,1577,631,1316,0
1583,625,1577,625,1316,0
1474,0,1583,625,1316,0
1316,0,1474,0,1316,0
1316,0,1316,0,1316,0
1600
1571,643,1517,649,1517,637
1571,637,1571,643,1517,637
1517,637,1571,637,1517,637
1517,637,1517,637,1517,637
320
1262,728,1256,728,1256,709
1517,649,1262,728,1256,709
1517,637,1517,649,1256,709
1310,661,1517,637,1256,709
1256,709,1310,661,1256,709
1256,709,1256,709,1256,709
1600
1262,728,637,995,612,782
1256,728,1262,728,612,782
1256,709,1256,728,612,782
1250,709,1256,709,612,782
612,782,1250,709,612,782
612,782,612,782,612,782
1536
1250,709,612,782,612,0
958,0,1250,709,612,0
612,0,958,0,612,0
612,0,612,0,612,0
256
1256,709,1250,709,958,0
1310,661,1256,709,958,0
1517,637,1310,661,958,0
1316,0,1517,637,958,0
958,0,1316,0,958,0
958,0,958,0,958,0
256
1583,631,1577,631,1577,625
1583,625,1583,631,1577,625
1577,625,1583,625,1577,625
1577,625,1577,625,1577,625
2115
2008,2142,2008,2148,1996,2148
2002,2142,2008,2142,1996,2148
2002,2123,2002,2142,1996,2148
1996,2129,1996,2123,2002,2123
1996,2135,1996,2129,2002,2123
1996,2148,1996,2135,2002,2123
2002,2123,1996,2148,2002,2123
2002,2123,2002,2123,2002,2123
2116
1990,2142,1984,2142,1984,2135
1996,2148,1990,2148,1990,2142
1996,2135,1996,2148,1990,2142
1990,2135,1996,2135,1990,2142
1984,2135,1990,2135,1990,2142
1990,2142,1984,2135,1990,2142
2116
2008,2142,2002,2142,2002,2123
2014,2148,2008,2148,2008,2142
2014,2135,2014,2148,2008,2142
2008,2135,2014,2135,2008,2142
2008,2123,2008,2135,2008,2142
2002,2123,2008,2123,2008,2142
2008,2142,2002,2123,2008,2142
2113
2014,2154,2008,2154,2008,2148
2014,2148,2014,2154,2008,2148
2008,2148,2014,2148,2008,2148
2008,2148,2008,2148,2008,2148
2113
2020,2160,2014,2160,2014,2154
2020,2154,2020,2160,2014,2154
2014,2154,2020,2154,2014,2154
2014,2154,2014,2154,2014,2154
2116
2020,2154,2014,2154,2014,2148
2020,2148,2020,2154,2014,2148
2014,2148,2020,2148,2014,2148
2014,2148,2014,2148,2014,2148
2115
1996,2154,1990,2154,1990,2148
1996,2148,1996,2154,1990,2148
1990,2148,1996,2148,1990,2148
1990,2148,1990,2148,1990,2148
2113
1990,2148,1984,2148,1984,2142
1990,2142,1990,2148,1984,2142
1984,2142,1990,2142,1984,2142
1984,2142,1984,2142,1984,2142
2113
1996,2135,1990,2135,1990,2129
1996,2129,1996,2135,1990,2129
1990,2129,1996,2129,1990,2129
1990,2129,1990,2129,1990,2129
2115
1868,2099,1868,2093,1868,2087
1875,2099,1868,2099,1868,2087
1875,2093,1875,2099,1868,2087
1875,2087,1875,2093,1868,2087
1868,2087,1875,2087,1868,2087
1868,2087,1868,2087,1868,2087
2116
1875,2087,1868,2087,1868,2081
1875,2081,1875,2087,1868,2081
1868,2081,1875,2081,1868,2081
1868,2081,1868,2081,1868,2081
2117
1862,2093,1862,2087,1862,2081
1868,2093,1862,2093,1862,2081
1868,2087,1868,2093,1862,2081
1868,2081,1868,2087,1862,2081
1862,2081,1868,2081,1862,2081
1862,2081,1862,2081,1862,2081
2118
1862,2093,1856,2093,1856,2087
1862,2087,1862,2093,1856,2087
1856,2087,1862,2087,1856,2087
1856,2087,1856,2087,1856,2087
2116
1850,2093,1844,2093,1844,2087
1856,2093,1850,2093,1844,2087
1856,2087,1856,2093,1844,2087
1844,2087,1856,2087,1844,2087
1844,2087,1844,2087,1844,2087
2119
1862,2087,1856,2087,1856,2081
1862,2081,1862,2087,1856,2081
1856,2081,1862,2081,1856,2081
1856,2081,1856,2081,1856,2081
2114
1875,2093,1875,2087,1875,2081
1881,2093,1875,2093,1875,2081
1881,2081,1881,2093,1875,2081
1875,2081,1881,2081,1875,2081
1875,2081,1875,2081,1875,2081
2116
1868,2099,1862,2099,1862,2093
1868,2093,1868,2099,1862,2093
1862,2093,1868,2093,1862,2093
1862,2093,1862,2093,1862,2093
2115
1862,2099,1850,2099,1850,2093
1856,2093,1862,2093,1862,2099
1850,2093,1856,2093,1862,2099
1862,2099,1850,2093,1862,2099
2115
1881,2081,1875,2081,1875,2075
1881,2075,1881,2081,1875,2075
1875,2075,1881,2075,1875,2075
1875,2075,1875,2075,1875,2075
2114
1868,2081,1862,2081,1862,2075
1875,2081,1868,2081,1862,2075
1875,2075,1875,2081,1862,2075
1862,2075,1875,2075,1862,2075
1862,2075,1862,2075,1862,2075
2118
1856,2087,1844,2087,1844,2081
1856,2081,1856,2087,1844,2081
1844,2081,1856,2081,1844,2081
1844,2081,1844,2081,1844,2081
2118
1862,2081,1856,2081,1856,2075
1862,2075,1862,2081,1856,2075
1856,2075,1862,2075,1856,2075
1856,2075,1856,2075,1856,2075
2113
1844,2093,1838,2093,1838,2087
1844,2087,1844,2093,1838,2087
1838,2087,1844,2087,1838,2087
1838,2087,1838,2087,1838,2087
2113
2114