656
3737,1529,3434,1674,3980,91
3744,1529,3737,1529,3980,91
4096,1043,3744,1529,3980,91
4053,0,4096,0,4096,1043
4035,24,4035,18,4053,0
4041,24,4035,24,4053,0
4041,30,4041,24,4053,0
4029,30,4035,30,4041,30
4011,54,4029,30,4041,30
4011,60,4011,54,4041,30
4017,60,4011,60,4041,30
4017,84,4017,60,4041,30
3998,84,4004,84,4017,84
3998,91,3998,84,4017,84
3980,91,3986,91,3998,91
4096,1043,3980,91,3998,91
4041,30,4053,0,4096,1043
4017,84,4041,30,4096,1043
3998,91,4017,84,4096,1043
4096,1043,3998,91,4096,1043
400
3434,1674,2105,2239,2026,1213
3980,91,3434,1674,2026,1213
3974,91,3980,91,2026,1213
3968,91,3974,91,2026,1213
3968,84,3968,91,2026,1213
3962,84,3968,84,2026,1213
3962,78,3962,84,2026,1213
3962,72,3962,78,2026,1213
3968,66,3968,72,3962,72
3980,60,3980,66,3974,66
3992,66,3986,66,3986,60
3992,60,3992,66,3986,60
3992,54,3992,60,3986,60
3998,48,3998,54,3992,54
3992,48,3998,48,3992,54
3986,48,3992,48,3992,54
3980,30,3986,30,3986,36
3974,30,3980,30,3986,36
3968,24,3974,24,3974,30
3950,0,3968,0,3968,6
2809,497,3950,0,3968,6
2785,515,2809,497,3968,6
2785,527,2785,515,3968,6
2026,1213,2773,527,2785,527
3962,72,2026,1213,2785,527
3968,66,3962,72,2785,527
3980,60,3974,66,3968,66
3992,54,3986,60,3980,60
3986,48,3992,54,3980,60
3986,42,3986,48,3980,60
3986,36,3986,42,3980,60
3974,30,3986,36,3980,60
3968,24,3974,30,3980,60
2785,527,3968,6,3968,12
3980,60,3968,66,2785,527
3968,24,3980,60,2785,527
3968,18,3968,24,2785,527
3968,12,3968,18,2785,527
2785,527,3968,12,2785,527
2785,527,2785,527,2785,527
368
2858,2682,2154,2924,2105,2239
2882,2657,2858,2682,2105,2239
3143,2348,2882,2657,2105,2239
3434,1674,3143,2348,2105,2239
2105,2239,3434,1674,2105,2239
2105,2239,2105,2239,2105,2239
480
291,1498,0,1049,0,0
0,3537,0,1365,291,1504
2020,3143,0,3537,291,1504
2032,3143,2020,3143,291,1504
2032,3137,2032,3143,291,1504
2038,3137,2032,3137,291,1504
2038,3131,2038,3137,291,1504
2057,3131,2038,3131,291,1504
2057,3125,2057,3131,291,1504
2154,2924,2057,3125,291,1504
2105,2239,2154,2924,291,1504
2026,1213,2105,2239,291,1504
1480,479,2026,1213,291,1504
364,1322,1480,479,291,1504
400,594,364,1322,291,1504
327,0,400,594,291,1504
291,1498,0,0,327,0
291,1504,291,1498,327,0
327,0,291,1504,327,0
327,0,327,0,327,0
1760
2051,3143,2032,3143,2032,3137
2057,3143,2051,3143,2032,3137
2038,3131,2057,3131,2057,3143
2038,3137,2038,3131,2057,3143
2032,3137,2038,3137,2057,3143
2057,3143,2032,3137,2057,3143
1536
2105,3349,1771,3264,2020,3143
2032,3143,2051,3143,2105,3349
2020,3143,2032,3143,2105,3349
2105,3349,2020,3143,2105,3349
512
2299,4004,709,3847,1771,3264
2354,3901,2299,4004,1771,3264
2123,3367,2354,3901,1771,3264
2117,3361,2123,3361,2123,3367
2111,3361,2117,3361,2123,3367
2105,3355,2111,3355,2111,3361
1771,3264,2105,3349,2105,3355
2111,3361,2123,3367,1771,3264
2105,3355,2111,3361,1771,3264
1771,3264,2105,3355,1771,3264
1771,3264,1771,3264,1771,3264
1280
2251,4096,643,4096,709,3847
2299,4004,2251,4096,709,3847
709,3847,2299,4004,709,3847
709,3847,709,3847,709,3847
1520
2548,4096,2251,4096,2299,4004
2469,4017,2475,4017,2548,4096
2299,4004,2469,4017,2548,4096
2548,4096,2299,4004,2548,4096
1504
3106,4096,2548,4096,2475,4017
2767,4023,3106,4096,2475,4017
2767,4023,2767,4023,2475,4017
2475,4017,2767,4023,2475,4017
2475,4017,2475,4017,2475,4017
736
2475,4017,2469,4017,2421,3926
2767,4023,2475,4017,2421,3926
3106,4096,2767,4023,2421,3926
3288,4096,3106,4096,2421,3926
3410,4004,3288,4096,2421,3926
4096,3998,3598,4071,3410,4004
4096,3780,4096,3998,3410,4004
2421,3926,4096,3780,3410,4004
3410,4004,2421,3926,3410,4004
576
2421,3926,2354,3901,2123,3367
4096,3780,2421,3926,2123,3367
4096,3774,4096,3780,2123,3367
3149,3507,3149,3501,4096,3774
3143,3507,3149,3507,4096,3774
2123,3367,3143,3501,3143,3507
4096,3774,2123,3367,3143,3507
1600
2111,3355,2105,3355,2105,3349
2117,3355,2111,3355,2105,3349
2123,3361,2117,3361,2117,3355
3143,3501,2123,3367,2123,3361
3143,3495,3143,3501,2123,3361
3149,3495,3143,3495,2123,3361
4096,3774,3149,3501,3149,3495
4096,2554,4096,3774,3149,3495
4077,2554,4096,2554,3149,3495
3974,2518,4077,2554,3149,3495
3422,2621,3422,2615,3974,2518
3367,2633,3416,2615,3416,2621
3203,2633,3252,2627,3367,2633
3197,2633,3203,2633,3367,2633
2858,2694,3197,2633,3367,2633
2057,3125,2858,2694,3367,2633
2057,3131,2057,3125,3367,2633
2057,3143,2057,3131,3367,2633
2105,3349,2051,3143,2057,3143
2117,3355,2105,3349,2057,3143
2123,3361,2117,3355,2057,3143
3149,3495,2123,3361,2057,3143
3974,2518,3149,3495,2057,3143
3422,2621,3974,2518,2057,3143
3416,2621,3422,2621,2057,3143
3367,2633,3416,2621,2057,3143
2057,3143,3367,2633,2057,3143
2057,3143,2057,3143,2057,3143
576
4077,2554,3974,2518,4004,2487
4096,2554,4077,2554,4004,2487
4077,2512,4096,2506,4096,2554
4035,2506,4077,2512,4096,2554
4004,2487,4035,2506,4096,2554
4096,2554,4004,2487,4096,2554
832
4004,2487,3974,2518,3422,2615
4004,2481,4004,2487,3422,2615
3477,2560,4004,2481,3422,2615
3470,2560,3477,2560,3422,2615
3422,2615,3470,2560,3422,2615
880
3100,2578,2882,2657,3143,2348
3197,2633,3100,2578,3143,2348
3203,2633,3197,2633,3143,2348
3404,2603,3203,2633,3143,2348
3422,2615,3416,2615,3404,2603
3470,2560,3422,2615,3404,2603
4004,2481,3477,2560,3470,2560
4096,2463,4053,2487,4004,2481
4096,1310,4096,2463,4004,2481
3744,1529,4096,1310,4004,2481
3737,1529,3744,1529,4004,2481
3143,2348,3737,1529,4004,2481
3470,2560,3404,2603,3143,2348
4004,2481,3470,2560,3143,2348
3143,2348,4004,2481,3143,2348
3143,2348,3143,2348,3143,2348
912
4096,1310,3744,1529,4096,1043
4096,1043,4096,1310,4096,1043
4096,1043,4096,1043,4096,1043
400
3986,18,3980,18,3980,12
3992,24,3986,24,3986,18
3998,30,3992,30,3992,24
4004,36,3998,36,3998,30
4011,54,4004,54,4004,48
4029,30,4011,54,4004,48
4023,30,4029,30,4004,48
4023,24,4023,30,4004,48
4023,18,4023,24,4004,48
4053,0,4035,18,4029,18
3980,0,4053,0,4029,18
3980,6,3980,0,4029,18
3980,12,3980,6,4029,18
4004,48,4004,42,4004,36
4023,18,4004,48,4004,36
3980,12,4029,18,4023,18
3986,18,3980,12,4023,18
3992,24,3986,18,4023,18
3998,30,3992,24,4023,18
4004,36,3998,30,4023,18
4023,18,4004,36,4023,18
4023,18,4023,18,4023,18
402
4004,54,3998,54,3998,48
4004,48,4004,54,3998,48
3998,48,4004,48,3998,48
3998,48,3998,48,3998,48
401
4004,60,3992,60,3992,54
4011,60,4004,60,3992,54
4004,54,4011,54,4011,60
3998,54,4004,54,4011,60
3992,54,3998,54,4011,60
4011,60,3992,54,4011,60
658
4011,78,4004,78,4004,72
4011,60,4011,78,4004,72
4004,66,4004,60,4011,60
4004,72,4004,66,4011,60
4011,60,4004,72,4011,60
4011,60,4011,60,4011,60
660
4004,78,3998,78,3998,72
4004,72,4004,78,3998,72
3998,72,4004,72,3998,72
3998,72,3998,72,3998,72
406
3992,78,3986,78,3986,72
3998,78,3992,78,3986,72
3998,72,3998,78,3986,72
3986,72,3998,72,3986,72
3986,72,3986,72,3986,72
403
3974,91,3974,78,3974,72
3980,91,3974,91,3974,72
3986,91,3980,91,3974,72
3986,84,3986,91,3974,72
3992,84,3986,84,3974,72
3986,78,3992,78,3992,84
3986,66,3986,72,3986,78
3980,66,3986,66,3986,78
3980,72,3980,66,3986,78
3974,72,3980,72,3986,78
3992,84,3974,72,3986,78
401
3986,66,3980,66,3980,60
3986,60,3986,66,3980,60
3980,60,3986,60,3980,60
3980,60,3980,60,3980,60
624
3737,1529,3143,2348,3434,1674
3434,1674,3737,1529,3434,1674
3434,1674,3434,1674,3434,1674
832
3197,2633,2858,2694,2858,2682
3100,2578,3197,2633,2858,2682
2882,2657,3100,2578,2858,2682
2858,2682,2882,2657,2858,2682
2858,2682,2858,2682,2858,2682
320
2858,2694,2057,3125,2154,2924
2858,2682,2858,2694,2154,2924
2154,2924,2858,2682,2154,2924
2154,2924,2154,2924,2154,2924
371
464
2026,1213,1480,479,1480,473
2773,527,2026,1213,1480,473
2773,515,2773,527,1480,473
2785,515,2773,515,1480,473
2809,497,2785,515,1480,473
3009,0,2809,497,1480,473
2172,0,3009,0,1480,473
1480,473,2172,0,1480,473
1480,473,1480,473,1480,473
480
3950,0,2809,497,3009,0
3009,0,3950,0,3009,0
3009,0,3009,0,3009,0
480
2785,527,2773,527,2773,515
2785,515,2785,527,2773,515
2773,515,2785,515,2773,515
2773,515,2773,515,2773,515
3024
2172,0,1480,473,1177,0
1177,0,2172,0,1177,0
1177,0,1177,0,1177,0
3040
1480,479,364,1322,400,594
1480,473,1480,479,400,594
1177,0,1480,473,400,594
885,0,1177,0,400,594
400,594,885,0,400,594
400,594,400,594,400,594
992
885,0,400,594,327,0
327,0,885,0,327,0
327,0,327,0,327,0
403
3974,6,3968,6,3968,0
3974,0,3974,6,3968,0
3968,0,3974,0,3968,0
3968,0,3968,0,3968,0
404
3974,12,3968,12,3968,6
3980,12,3974,12,3968,6
3974,6,3980,6,3980,12
3968,6,3974,6,3980,12
3980,12,3968,6,3980,12
402
3974,18,3968,18,3968,12
3974,12,3974,18,3968,12
3968,12,3974,12,3968,12
3968,12,3968,12,3968,12
401
3962,30,3956,30,3956,24
3962,24,3962,30,3956,24
3956,24,3962,24,3956,24
3956,24,3956,24,3956,24
405
3968,84,3962,84,3962,78
3974,91,3968,91,3968,84
3974,78,3974,91,3968,84
3968,78,3974,78,3968,84
3962,78,3968,78,3968,84
3968,84,3962,78,3968,84
406
3956,36,3950,36,3950,30
3956,30,3956,36,3950,30
3950,30,3956,30,3950,30
3950,30,3950,30,3950,30
401
3974,24,3968,24,3968,18
3974,18,3974,24,3968,18
3968,18,3974,18,3968,18
3968,18,3968,18,3968,18
406
3974,24,3974,18,3974,12
3980,24,3974,24,3974,12
3980,18,3980,24,3974,12
3980,12,3980,18,3974,12
3974,12,3980,12,3974,12
3974,12,3974,12,3974,12
405
3962,36,3956,36,3956,30
3962,30,3962,36,3956,30
3956,30,3962,30,3956,30
3956,30,3956,30,3956,30
404
3962,42,3956,42,3956,36
3962,36,3962,42,3956,36
3956,36,3962,36,3956,36
3956,36,3956,36,3956,36
404
3980,30,3974,30,3974,24
3980,24,3980,30,3974,24
3974,24,3980,24,3974,24
3974,24,3974,24,3974,24
401
3968,78,3962,78,3962,72
3968,72,3968,78,3962,72
3962,72,3968,72,3962,72
3962,72,3962,72,3962,72
403
3986,30,3980,30,3980,24
3992,30,3986,30,3980,24
3986,24,3992,24,3992,30
3980,24,3986,24,3992,30
3992,30,3980,24,3992,30
404
3992,36,3986,36,3986,30
3992,30,3992,36,3986,30
3986,30,3992,30,3986,30
3986,30,3986,30,3986,30
406
3992,42,3986,42,3986,36
3992,36,3992,42,3986,36
3986,36,3992,36,3986,36
3986,36,3986,36,3986,36
405
3998,48,3992,48,3992,42
3998,42,3998,48,3992,42
4004,42,3998,42,3992,42
4004,36,4004,42,3992,42
3998,36,4004,36,3992,42
3998,30,3998,36,3992,42
3992,36,3992,30,3998,30
3992,42,3992,36,3998,30
3998,30,3992,42,3998,30
3998,30,3998,30,3998,30
401
3974,72,3968,72,3968,66
3974,66,3974,72,3968,66
3968,66,3974,66,3968,66
3968,66,3968,66,3968,66
403
3992,48,3986,48,3986,42
3992,42,3992,48,3986,42
3986,42,3992,42,3986,42
3986,42,3986,42,3986,42
402
3980,72,3974,72,3974,66
3980,66,3980,72,3974,66
3974,66,3980,66,3974,66
3974,66,3974,66,3974,66
402
3974,78,3968,78,3968,72
3974,72,3974,78,3968,72
3968,72,3974,72,3968,72
3968,72,3968,72,3968,72
405
3998,72,3986,72,3986,66
3992,66,3998,66,3998,72
3986,66,3992,66,3998,72
3998,72,3986,66,3998,72
660
3998,84,3992,84,3992,78
3998,78,3998,84,3992,78
3992,78,3998,78,3992,78
3992,78,3992,78,3992,78
659
4004,72,3998,72,3998,66
4004,66,4004,72,3998,66
3998,66,4004,66,3998,66
3998,66,3998,66,3998,66
402
3998,66,3992,66,3992,60
4004,66,3998,66,3992,60
4004,60,4004,66,3992,60
3992,60,4004,60,3992,60
3992,60,3992,60,3992,60
403
4004,48,3998,48,3998,42
4004,42,4004,48,3998,42
3998,42,4004,42,3998,42
3998,42,3998,42,3998,42
405
3986,24,3980,24,3980,18
3986,18,3986,24,3980,18
3980,18,3986,18,3980,18
3980,18,3980,18,3980,18
405
3980,6,3974,6,3974,0
3980,0,3980,6,3974,0
3974,0,3980,0,3974,0
3974,0,3974,0,3974,0
402
4029,30,4023,30,4023,24
4029,24,4029,30,4023,24
4023,24,4029,24,4023,24
4023,24,4023,24,4023,24
405
4029,24,4023,24,4023,18
4029,18,4029,24,4023,18
4023,18,4029,18,4023,18
4023,18,4023,18,4023,18
403
4035,24,4029,24,4029,18
4035,18,4035,24,4029,18
4029,18,4035,18,4029,18
4029,18,4029,18,4029,18
658
4071,60,4071,54,4071,48
4077,60,4071,60,4071,48
4077,48,4077,60,4071,48
4071,48,4077,48,4071,48
4071,48,4071,48,4071,48
660
4071,60,4065,60,4065,54
4071,54,4071,60,4065,54
4065,54,4071,54,4065,54
4065,54,4065,54,4065,54
661
4065,60,4059,60,4059,54
4065,54,4065,60,4059,54
4059,54,4065,54,4059,54
4059,54,4059,54,4059,54
660
4059,60,4053,60,4053,54
4059,54,4059,60,4053,54
4053,54,4059,54,4053,54
4053,54,4053,54,4053,54
659
4059,54,4053,54,4053,48
4065,54,4059,54,4053,48
4071,54,4065,54,4053,48
4071,48,4071,54,4053,48
4053,48,4071,48,4053,48
4053,48,4053,48,4053,48
658
4041,30,4035,30,4035,24
4041,24,4041,30,4035,24
4035,24,4041,24,4035,24
4035,24,4035,24,4035,24
659
4035,30,4029,30,4029,24
4035,24,4035,30,4029,24
4029,24,4035,24,4029,24
4029,24,4029,24,4029,24
658
4071,66,4065,66,4065,60
4071,60,4071,66,4065,60
4065,60,4071,60,4065,60
4065,60,4065,60,4065,60
658
4053,60,4047,60,4047,48
4053,54,4053,60,4047,48
4053,48,4053,54,4047,48
4047,48,4053,48,4047,48
4047,48,4047,48,4047,48
659
4065,66,4059,66,4059,60
4065,60,4065,66,4059,60
4059,60,4065,60,4059,60
4059,60,4059,60,4059,60
658
4059,66,4053,66,4053,60
4059,60,4059,66,4053,60
4053,60,4059,60,4053,60
4053,60,4053,60,4053,60
657
4017,84,4004,84,4004,78
4011,60,4017,60,4017,84
4011,78,4011,60,4017,84
4004,78,4011,78,4017,84
4017,84,4004,78,4017,84
659
659
4004,84,3998,84,3998,78
4004,78,4004,84,3998,78
3998,78,4004,78,3998,78
3998,78,3998,78,3998,78
658
3998,91,3986,91,3986,84
3992,84,3998,84,3998,91
3986,84,3992,84,3998,91
3998,91,3986,84,3998,91
624
4035,2506,4004,2487,4004,2481
4077,2512,4035,2506,4004,2481
4096,2506,4077,2512,4004,2481
4053,2487,4096,2463,4096,2506
4004,2481,4053,2487,4096,2506
4096,2506,4004,2481,4096,2506
1648
3416,2615,3367,2633,3252,2627
3404,2603,3416,2615,3252,2627
3203,2633,3404,2603,3252,2627
3252,2627,3203,2633,3252,2627
1648
3422,2621,3416,2621,3416,2615
3422,2615,3422,2621,3416,2615
3416,2615,3422,2615,3416,2615
3416,2615,3416,2615,3416,2615
576
3149,3501,3143,3501,3143,3495
3149,3495,3149,3501,3143,3495
3143,3495,3149,3495,3143,3495
3143,3495,3143,3495,3143,3495
752
2469,4017,2299,4004,2354,3901
2421,3926,2469,4017,2354,3901
2354,3901,2421,3926,2354,3901
2354,3901,2354,3901,2354,3901
1600
3149,3507,3143,3507,3143,3501
3149,3501,3149,3507,3143,3501
3143,3501,3149,3501,3143,3501
3143,3501,3143,3501,3143,3501
608
3598,4071,4096,3998,4096,4096
3288,4096,3410,4004,3598,4071
4096,4096,3288,4096,3598,4071
3598,4071,4096,4096,3598,4071
3598,4071,3598,4071,3598,4071
736
256
643,4096,0,4096,0,3537
709,3847,643,4096,0,3537
1771,3264,709,3847,0,3537
2020,3143,1771,3264,0,3537
0,3537,2020,3143,0,3537
0,3537,0,3537,0,3537
576
2117,3361,2111,3361,2111,3355
2117,3355,2117,3361,2111,3355
2111,3355,2117,3355,2111,3355
2111,3355,2111,3355,2111,3355
1760
291,1504,0,1365,0,1049
291,1498,291,1504,0,1049
0,1049,291,1498,0,1049
0,1049,0,1049,0,1049